imageName longitude latitude altitude Omega Phi Kappa
DJI_20211224092312_0125.JPG 101.01711344 14.51337744 154.31987765 -0.03377555 -0.17427220 24.99246403
DJI_20211224092313_0126.JPG 101.01703150 14.51353382 154.33948210 -0.04029753 -0.11570122 24.99942309
DJI_20211224092315_0127.JPG 101.01694315 14.51370226 154.37284616 -0.04868753 -0.06809843 25.00557339
DJI_20211224092316_0128.JPG 101.01685462 14.51387056 154.39642577 -0.05987106 -0.04309679 24.99962793
DJI_20211224092318_0129.JPG 101.01677194 14.51402731 154.40939381 -0.07649624 -0.03260833 25.00423705
DJI_20211224092319_0130.JPG 101.01668262 14.51419719 154.42597740 -0.08961666 -0.03042020 25.01128661
DJI_20211224092321_0131.JPG 101.01659410 14.51436586 154.42840049 -0.10015596 -0.02091783 25.04015892
DJI_20211224092322_0132.JPG 101.01650575 14.51453455 154.43115622 -0.08308393 -0.01611430 25.08978577
DJI_20211224092324_0133.JPG 101.01642360 14.51469096 154.43517693 -0.08558735 -0.02057975 25.11250055
DJI_20211224092325_0134.JPG 101.01633528 14.51485905 154.42418812 -0.07741666 -0.03112225 25.12194335
DJI_20211224092327_0135.JPG 101.01624784 14.51502468 154.36650196 -0.09197838 -0.04762726 25.16619773
DJI_20211224092328_0136.JPG 101.01616432 14.51518347 154.37512111 -0.08500464 -0.06173381 25.18734798
DJI_20211224092330_0137.JPG 101.01607669 14.51534931 154.38662900 -0.08733654 -0.07092738 25.19732652
DJI_20211224092331_0138.JPG 101.01598689 14.51551965 154.34513146 -0.07973555 -0.07863594 25.18716822
DJI_20211224092333_0139.JPG 101.01589955 14.51568650 154.33232735 -0.08782303 -0.08650115 25.17545340
DJI_20211224092334_0140.JPG 101.01581738 14.51584281 154.33287143 -0.09793650 -0.10498971 25.15866937
DJI_20211224092336_0141.JPG 101.01572889 14.51601042 154.35471312 -0.09961743 -0.11581803 25.16004996
DJI_20211224092337_0142.JPG 101.01563935 14.51618036 154.36881596 -0.10442118 -0.12297026 25.16063254
DJI_20211224092339_0143.JPG 101.01555167 14.51634706 154.36937075 -0.06626561 -0.10798678 25.16720421
DJI_20211224092340_0144.JPG 101.01546817 14.51650562 154.35605121 -0.05425448 -0.10435328 25.17062117
DJI_20211224092341_0145.JPG 101.01537980 14.51667355 154.34976477 -0.04579376 -0.10694893 25.15878751
DJI_20211224092343_0146.JPG 101.01529130 14.51684217 154.36186867 -0.05123804 -0.10226021 25.15717196
DJI_20211224092344_0147.JPG 101.01520307 14.51701004 154.35007668 -0.05181840 -0.11105725 25.16932331
DJI_20211224092346_0148.JPG 101.01512019 14.51716669 154.35060815 -0.04543295 -0.11889957 25.19854565
DJI_20211224092347_0149.JPG 101.01502789 14.51734154 154.35615126 -0.05226434 -0.11082867 25.21336552
DJI_20211224092349_0150.JPG 101.01494250 14.51750382 154.34511868 -0.05678786 -0.11427534 25.20337486
DJI_20211224092350_0151.JPG 101.01485432 14.51767182 154.35886810 -0.06775076 -0.11754369 25.18208350
DJI_20211224092352_0152.JPG 101.01477209 14.51782864 154.36186725 -0.08179146 -0.11866504 25.16845621
DJI_20211224092353_0153.JPG 101.01468295 14.51799747 154.37645851 -0.08624320 -0.10763259 25.16292578
DJI_20211224092355_0154.JPG 101.01459571 14.51816385 154.39455370 -0.08723131 -0.12547859 25.16384710
DJI_20211224092356_0155.JPG 101.01451205 14.51832333 154.41264957 -0.07949690 -0.12241706 25.15782458
DJI_20211224092358_0156.JPG 101.01442413 14.51849048 154.39740529 -0.05803410 -0.12071904 25.15641151
DJI_20211224092359_0157.JPG 101.01433287 14.51866386 154.41304779 -0.03064444 -0.11406170 25.16845883
DJI_20211224092401_0158.JPG 101.01424703 14.51882653 154.41368724 -0.01918111 -0.11616020 25.18144334
DJI_20211224092402_0159.JPG 101.01416212 14.51898695 154.40633060 -0.04263572 -0.12690226 25.16987392
DJI_20211224092404_0160.JPG 101.01407259 14.51915668 154.37937249 -0.05627814 -0.11905062 25.14159688
DJI_20211224092405_0161.JPG 101.01398264 14.51932696 154.34089212 -0.08846654 -0.10380413 25.13905649
DJI_20211224092406_0162.JPG 101.01390307 14.51947750 154.36891970 -0.11543151 -0.10030765 25.14375857
DJI_20211224092408_0163.JPG 101.01381251 14.51965049 154.37226702 -0.11898032 -0.09940858 25.15411325
DJI_20211224092409_0164.JPG 101.01372640 14.51981498 154.37413048 -0.12221197 -0.09990503 25.15555222
DJI_20211224092411_0165.JPG 101.01363780 14.51998336 154.37900677 -0.12159429 -0.09752076 25.13808727
DJI_20211224092412_0166.JPG 101.01355387 14.52014286 154.36413875 -0.11219886 -0.10309896 25.14710200
DJI_20211224092414_0167.JPG 101.01346768 14.52030735 154.40932631 -0.09774329 -0.10341118 25.17044061
DJI_20211224092415_0168.JPG 101.01337860 14.52047707 154.40102866 -0.08658926 -0.09807272 25.17607595
DJI_20211224092417_0169.JPG 101.01329042 14.52064520 154.33342810 -0.09538111 -0.10735043 25.19708508
DJI_20211224092451_0186.JPG 101.01382205 14.52085431 154.41562182 0.21413793 -0.03389271 -151.23670768
DJI_20211224092452_0187.JPG 101.01390247 14.52070203 154.38909835 0.17117465 -0.07054128 -151.23817051
DJI_20211224092453_0188.JPG 101.01399060 14.52053498 154.38742485 0.14205639 -0.08752440 -151.25052877
DJI_20211224092455_0189.JPG 101.01407875 14.52036768 154.34723919 0.15832152 -0.09590702 -151.28088184
DJI_20211224092456_0190.JPG 101.01416803 14.52019711 154.39423068 0.16013785 -0.09722479 -151.30471119
DJI_20211224092458_0191.JPG 101.01424998 14.52004172 154.41975540 0.14403540 -0.10801318 -151.30724218
DJI_20211224092459_0192.JPG 101.01433832 14.51987376 154.40696146 0.13557902 -0.11249567 -151.30092188
DJI_20211224092501_0193.JPG 101.01442752 14.51970399 154.39659516 0.13840592 -0.10122677 -151.29875890
DJI_20211224092502_0194.JPG 101.01451494 14.51953788 154.45102511 0.14248461 -0.08074340 -151.29464982
DJI_20211224092504_0195.JPG 101.01459713 14.51938122 154.43638410 0.14050686 -0.06365448 -151.26505902
DJI_20211224092505_0196.JPG 101.01468631 14.51921142 154.39645379 0.15917234 -0.05926779 -151.29587711
DJI_20211224092507_0197.JPG 101.01477418 14.51904455 154.43344402 0.14880141 -0.05059182 -151.36252762
DJI_20211224092508_0198.JPG 101.01486436 14.51887493 154.40472217 0.15956961 -0.04471873 -151.34024710
DJI_20211224092510_0199.JPG 101.01494529 14.51872203 154.39701430 0.17164227 -0.03513714 -151.31720578
DJI_20211224092511_0200.JPG 101.01503410 14.51855374 154.38732122 0.20097269 -0.03682872 -151.32194880
DJI_20211224092513_0201.JPG 101.01512590 14.51837812 154.35689526 0.22733988 -0.02456672 -151.34242985
DJI_20211224092514_0202.JPG 101.01520604 14.51822433 154.34654016 0.23841924 -0.00634470 -151.36162153
DJI_20211224092516_0203.JPG 101.01529734 14.51805115 154.31669327 0.23573911 0.00224265 -151.38545666
DJI_20211224092517_0204.JPG 101.01538279 14.51788865 154.31248538 0.25884638 0.01418034 -151.37673420
DJI_20211224092519_0205.JPG 101.01547113 14.51772139 154.32648989 0.24724757 0.02377487 -151.38341655
DJI_20211224092520_0206.JPG 101.01555385 14.51756425 154.33975629 0.27251483 0.03858539 -151.37841260
DJI_20211224092521_0207.JPG 101.01564223 14.51739630 154.35257632 0.29800338 0.05026503 -151.38242671
DJI_20211224092523_0208.JPG 101.01573309 14.51722339 154.34038676 0.31269782 0.05990174 -151.38092048
DJI_20211224092524_0209.JPG 101.01582116 14.51705633 154.32863079 0.33456257 0.07833512 -151.39259868
DJI_20211224092526_0210.JPG 101.01590693 14.51689389 154.33481799 0.34432520 0.08646692 -151.38512331
DJI_20211224092527_0211.JPG 101.01599346 14.51672981 154.35897128 0.35059491 0.09662983 -151.38653576
DJI_20211224092529_0212.JPG 101.01608164 14.51656259 154.37146116 0.35658568 0.08663807 -151.39020321
DJI_20211224092530_0213.JPG 101.01616920 14.51639606 154.39777806 0.35893465 0.08573453 -151.40727356
DJI_20211224092532_0214.JPG 101.01625098 14.51624029 154.38980171 0.36995630 0.09013323 -151.42325480
DJI_20211224092533_0215.JPG 101.01633951 14.51607177 154.37745078 0.36157833 0.07219546 -151.43578520
DJI_20211224092535_0216.JPG 101.01643036 14.51589883 154.38234681 0.35148915 0.06572127 -151.42765769
DJI_20211224092536_0217.JPG 101.01650989 14.51574695 154.38371379 0.34537299 0.06504875 -151.40795753
DJI_20211224092538_0218.JPG 101.01659824 14.51557838 154.39972818 0.35800765 0.06776872 -151.40547291
DJI_20211224092539_0219.JPG 101.01668718 14.51541024 154.40105484 0.34690978 0.06269341 -151.41454204
DJI_20211224092541_0220.JPG 101.01677032 14.51525326 154.37981355 0.32083938 0.05412894 -151.41031973
DJI_20211224092542_0221.JPG 101.01685892 14.51508537 154.38297436 0.33464039 0.04646492 -151.38791617
DJI_20211224092544_0222.JPG 101.01694730 14.51491744 154.38285888 0.30250919 0.03501256 -151.40789883
DJI_20211224092545_0223.JPG 101.01703570 14.51475001 154.40061961 0.29577754 0.03509612 -151.42086837
DJI_20211224092546_0224.JPG 101.01711941 14.51459072 154.43082740 0.26887873 0.03651336 -151.44271538
DJI_20211224092548_0225.JPG 101.01720761 14.51442372 154.43361255 0.23163246 0.02620412 -151.46436907
DJI_20211224092549_0226.JPG 101.01729643 14.51425543 154.46100353 0.20289500 0.00543143 -151.49690651
DJI_20211224092551_0227.JPG 101.01738195 14.51409154 154.41722195 0.18412700 0.00568449 -151.50679059
DJI_20211224092552_0228.JPG 101.01746743 14.51392732 154.39189534 0.20083215 0.02952241 -151.49896838
DJI_20211224092554_0229.JPG 101.01755567 14.51375861 154.39650837 0.21356467 0.04040974 -151.47401426
DJI_20211224092555_0230.JPG 101.01764348 14.51359166 154.39993304 0.20581719 0.05469861 -151.44196254
DJI_20211224092638_0253.JPG 101.01812451 14.51390142 154.44074463 0.02868510 -0.08111159 24.98858513
DJI_20211224092639_0254.JPG 101.01803628 14.51406930 154.45093856 0.03093346 -0.03719124 25.04538857
DJI_20211224092641_0255.JPG 101.01794865 14.51423648 154.41434766 0.00762445 -0.01648368 25.07427606
DJI_20211224092642_0256.JPG 101.01786046 14.51440525 154.36742647 -0.03076693 0.00136517 25.14133383
DJI_20211224092644_0257.JPG 101.01777804 14.51456231 154.33100665 -0.05745532 0.00834431 25.17986169
DJI_20211224092645_0258.JPG 101.01768952 14.51473054 154.33835463 -0.07131265 0.02887050 25.20197279
DJI_20211224092647_0259.JPG 101.01760163 14.51489687 154.34956165 -0.10376007 0.03059468 25.21305909
DJI_20211224092648_0260.JPG 101.01751417 14.51506291 154.34834120 -0.09442705 0.05160513 25.19629047
DJI_20211224092650_0261.JPG 101.01742879 14.51522515 154.32943316 -0.08509448 0.06139079 25.17920811
DJI_20211224092651_0262.JPG 101.01734056 14.51539371 154.33210771 -0.08489708 0.06185595 25.18167654
DJI_20211224092653_0263.JPG 101.01725848 14.51554972 154.32625458 -0.08234748 0.06793833 25.16805388
DJI_20211224092654_0264.JPG 101.01717022 14.51571659 154.33712281 -0.09015679 0.07276097 25.17627289
DJI_20211224092656_0265.JPG 101.01708066 14.51588632 154.33705379 -0.08991506 0.05297166 25.16229593
DJI_20211224092657_0266.JPG 101.01699204 14.51605495 154.33298017 -0.08292026 0.03820592 25.15629380
DJI_20211224092659_0267.JPG 101.01691044 14.51621023 154.34567628 -0.07506476 0.03352039 25.14851125
DJI_20211224092700_0268.JPG 101.01682092 14.51637975 154.36271616 -0.05768124 0.02036701 25.13720344
DJI_20211224092702_0269.JPG 101.01673164 14.51654942 154.37545733 -0.04143417 0.00630606 25.13941396
DJI_20211224092703_0270.JPG 101.01664985 14.51670529 154.38809778 -0.03275938 -0.01493290 25.14109425
DJI_20211224092704_0271.JPG 101.01656165 14.51687344 154.35141740 -0.03615078 -0.03183260 25.12882150
DJI_20211224092706_0272.JPG 101.01647092 14.51704646 154.39594771 -0.02963444 -0.04243931 25.14678312
DJI_20211224092707_0273.JPG 101.01638811 14.51720381 154.38024435 -0.02391931 -0.05200406 25.14775962
DJI_20211224092709_0274.JPG 101.01630290 14.51736643 154.38087647 -0.02517039 -0.05660414 25.16269544
DJI_20211224092710_0275.JPG 101.01621231 14.51753845 154.37851475 -0.02856062 -0.06039087 25.15830130
DJI_20211224092712_0276.JPG 101.01612134 14.51771125 154.36953691 -0.03066231 -0.05090588 25.16432320
DJI_20211224092713_0277.JPG 101.01604138 14.51786280 154.36263384 -0.02433104 -0.04441884 25.17479954
DJI_20211224092715_0278.JPG 101.01595159 14.51803277 154.34835198 -0.02808624 -0.05061114 25.18596722
DJI_20211224092716_0279.JPG 101.01586414 14.51819885 154.33684100 -0.04250143 -0.05623212 25.19478575
DJI_20211224092718_0280.JPG 101.01577555 14.51836700 154.35091532 -0.06072031 -0.05750595 25.20721133
DJI_20211224092719_0281.JPG 101.01569251 14.51852406 154.36704392 -0.08307471 -0.06701306 25.20728699
DJI_20211224092721_0282.JPG 101.01560447 14.51869176 154.38371448 -0.09655881 -0.08032375 25.19595644
DJI_20211224092722_0283.JPG 101.01551428 14.51886247 154.36440867 -0.11145865 -0.08375972 25.19406469
DJI_20211224092724_0284.JPG 101.01542756 14.51902696 154.37860357 -0.11998995 -0.09200860 25.18573773
DJI_20211224092725_0285.JPG 101.01534390 14.51918602 154.39553957 -0.11305334 -0.10017758 25.19349186
DJI_20211224092727_0286.JPG 101.01525559 14.51935397 154.39157188 -0.09735760 -0.12274076 25.18146898
DJI_20211224092728_0287.JPG 101.01516780 14.51952101 154.35535744 -0.07162984 -0.13355567 25.19685954
DJI_20211224092729_0288.JPG 101.01508528 14.51967822 154.37304318 -0.04942021 -0.13541614 25.20265825
DJI_20211224092731_0289.JPG 101.01499674 14.51984668 154.38362548 -0.04908497 -0.13325362 25.22042949
DJI_20211224092732_0290.JPG 101.01490773 14.52001483 154.36105901 -0.04174459 -0.13612130 25.21223940
DJI_20211224092734_0291.JPG 101.01482371 14.52017326 154.35013098 -0.05902531 -0.11653252 25.19686825
DJI_20211224092735_0292.JPG 101.01473546 14.52034195 154.36961476 -0.04489034 -0.10352964 25.17829045
DJI_20211224092737_0293.JPG 101.01464810 14.52050863 154.35273685 -0.04830026 -0.09324073 25.17091718
DJI_20211224092738_0294.JPG 101.01455838 14.52067927 154.36632363 -0.02427009 -0.06826771 25.15127659
DJI_20211224092740_0295.JPG 101.01447703 14.52083440 154.34472158 -0.01680819 -0.05681247 25.15932434
DJI_20211224092741_0296.JPG 101.01438627 14.52100724 154.33831648 -0.01814499 -0.04971655 25.14399721
DJI_20211224092818_0315.JPG 101.01490314 14.52124420 154.46545089 0.49182023 0.07697665 -150.89783062
DJI_20211224092820_0316.JPG 101.01499170 14.52107726 154.45205892 0.47337692 0.05948715 -150.95637883
DJI_20211224092821_0317.JPG 101.01507566 14.52091693 154.40223628 0.46225066 0.05241332 -150.98533871
DJI_20211224092822_0318.JPG 101.01516395 14.52074788 154.40841111 0.44302023 0.04888904 -151.01988342
DJI_20211224092824_0319.JPG 101.01525477 14.52057697 154.39765976 0.43358472 0.04625411 -151.02670022
DJI_20211224092825_0320.JPG 101.01533480 14.52042464 154.36773415 0.47121405 0.05630511 -151.05477577
DJI_20211224092827_0321.JPG 101.01542347 14.52025677 154.38085895 0.49382644 0.07608498 -151.07446180
DJI_20211224092828_0322.JPG 101.01551469 14.52008519 154.37547447 0.47774559 0.06259185 -151.05539632
DJI_20211224092830_0323.JPG 101.01559666 14.51993014 154.38548548 0.49068858 0.05856100 -151.04862048
DJI_20211224092831_0324.JPG 101.01568489 14.51976202 154.39320107 0.48017120 0.05174711 -151.02318595
DJI_20211224092833_0325.JPG 101.01577389 14.51959168 154.38328890 0.46795154 0.05601637 -150.99752264
DJI_20211224092834_0326.JPG 101.01586222 14.51942414 154.33078653 0.48985107 0.06689937 -150.99490301
DJI_20211224092836_0327.JPG 101.01594488 14.51926669 154.36913540 0.48410377 0.07130981 -151.01008219
DJI_20211224092837_0328.JPG 101.01603288 14.51909992 154.37261563 0.47338170 0.07603871 -151.03262611
DJI_20211224092839_0329.JPG 101.01612110 14.51893238 154.35847038 0.47487373 0.07566079 -151.04093358
DJI_20211224092840_0330.JPG 101.01621047 14.51876211 154.38019909 0.48024634 0.09232572 -151.05489914
DJI_20211224092842_0331.JPG 101.01629178 14.51860734 154.37464841 0.49036222 0.09629471 -151.06531784
DJI_20211224092843_0332.JPG 101.01638060 14.51843927 154.39882302 0.51102092 0.09652180 -151.08057832
DJI_20211224092845_0333.JPG 101.01646911 14.51827143 154.38701882 0.53969218 0.08630818 -151.09531074
DJI_20211224092846_0334.JPG 101.01655712 14.51810350 154.37973992 0.55645995 0.08537859 -151.09966935
DJI_20211224092847_0335.JPG 101.01663980 14.51794588 154.41629817 0.56660278 0.08077495 -151.10137331
DJI_20211224092849_0336.JPG 101.01672830 14.51777744 154.40434241 0.57236579 0.08953342 -151.08049710
DJI_20211224092851_0337.JPG 101.01681716 14.51760875 154.42574742 0.55321349 0.08578331 -151.06749391
DJI_20211224092852_0338.JPG 101.01690621 14.51743989 154.40885761 0.56312750 0.10554927 -151.06698649
DJI_20211224092853_0339.JPG 101.01698791 14.51728501 154.41087511 0.54989282 0.09636329 -151.06985321
DJI_20211224092855_0340.JPG 101.01707592 14.51711699 154.40197381 0.54865310 0.10795149 -151.06995918
DJI_20211224092856_0341.JPG 101.01716493 14.51694720 154.38216115 0.53935352 0.11340839 -151.07410939
DJI_20211224092858_0342.JPG 101.01724818 14.51678943 154.42012107 0.54396649 0.11122401 -151.08956677
DJI_20211224092859_0343.JPG 101.01733570 14.51662295 154.40544638 0.55551558 0.11260716 -151.10164124
DJI_20211224092901_0344.JPG 101.01742480 14.51645341 154.35423394 0.55485736 0.13274616 -151.08816521
DJI_20211224092902_0345.JPG 101.01751253 14.51628674 154.38787817 0.57299588 0.14492512 -151.06262495
DJI_20211224092904_0346.JPG 101.01759657 14.51612811 154.36669135 0.58601583 0.15517911 -151.06568425
DJI_20211224092905_0347.JPG 101.01768436 14.51596224 154.34315256 0.60631309 0.15053201 -151.03797479
DJI_20211224092907_0348.JPG 101.01777409 14.51579251 154.35412183 0.61307109 0.15000286 -151.04490210
DJI_20211224092908_0349.JPG 101.01785620 14.51563606 154.38050026 0.60727353 0.13514901 -151.04879166
DJI_20211224092910_0350.JPG 101.01794506 14.51546758 154.36502282 0.60747520 0.13824192 -151.06368109
DJI_20211224092911_0351.JPG 101.01803402 14.51529803 154.39898052 0.57333878 0.13606657 -151.09349597
DJI_20211224092913_0352.JPG 101.01811607 14.51514081 154.40989166 0.55104532 0.15526489 -151.13084219
DJI_20211224092914_0353.JPG 101.01820437 14.51497271 154.38796261 0.54100227 0.17964749 -151.11675378
DJI_20211224092916_0354.JPG 101.01829286 14.51480465 154.41189419 0.52633965 0.18750904 -151.09253694
DJI_20211224092917_0355.JPG 101.01838097 14.51463690 154.35413443 0.53900770 0.19062830 -151.08603503
DJI_20211224092918_0356.JPG 101.01846340 14.51447982 154.33059437 0.53016558 0.18052531 -151.09356992
DJI_20211224092920_0357.JPG 101.01855133 14.51431353 154.34249555 0.53740888 0.17905722 -151.08774192
DJI_20211224092921_0358.JPG 101.01864061 14.51414510 154.35989803 0.54790134 0.17801550 -151.09160860
DJI_20211224093004_0381.JPG 101.01912897 14.51443919 154.36403578 -0.16788917 -0.12692509 25.46950366
DJI_20211224093006_0382.JPG 101.01904383 14.51460161 154.39958852 -0.15715974 -0.04327567 25.50815697
DJI_20211224093007_0383.JPG 101.01896125 14.51475851 154.39126894 -0.17878918 0.01499091 25.52683978
DJI_20211224093009_0384.JPG 101.01887174 14.51492816 154.36201061 -0.19628639 0.06404832 25.54223892
DJI_20211224093010_0385.JPG 101.01878383 14.51509460 154.34860703 -0.21422159 0.10431569 25.56686425
DJI_20211224093012_0386.JPG 101.01869784 14.51525782 154.38009015 -0.20558938 0.10700266 25.57815107
DJI_20211224093013_0387.JPG 101.01861238 14.51542086 154.38377181 -0.20648388 0.11453739 25.57978198
DJI_20211224093015_0388.JPG 101.01852131 14.51559462 154.38392701 -0.21389727 0.11173407 25.60230201
DJI_20211224093016_0389.JPG 101.01843358 14.51576237 154.39204802 -0.22574910 0.09517252 25.63354230
DJI_20211224093017_0390.JPG 101.01835333 14.51591453 154.36720792 -0.22376754 0.08668756 25.63453669
DJI_20211224093019_0391.JPG 101.01826482 14.51608220 154.37139417 -0.21575285 0.07869353 25.63506273
DJI_20211224093020_0392.JPG 101.01817220 14.51625879 154.38569871 -0.21287435 0.05779264 25.62649654
DJI_20211224093022_0393.JPG 101.01809198 14.51641017 154.37866061 -0.23123112 0.03604054 25.62999164
DJI_20211224093023_0394.JPG 101.01800116 14.51658275 154.37506390 -0.21591757 0.03382183 25.63096073
DJI_20211224093025_0395.JPG 101.01791113 14.51675374 154.38217432 -0.20644846 0.03027383 25.60214692
DJI_20211224093026_0396.JPG 101.01783173 14.51690472 154.36735149 -0.20132729 0.01936532 25.58163803
DJI_20211224093028_0397.JPG 101.01774107 14.51707747 154.35061723 -0.18736761 0.01528364 25.55426953
DJI_20211224093029_0398.JPG 101.01765535 14.51723988 154.38853513 -0.18185162 -0.01154941 25.54603625
DJI_20211224093031_0399.JPG 101.01756689 14.51740815 154.39936293 -0.16586327 -0.01813931 25.56608173
DJI_20211224093032_0400.JPG 101.01748245 14.51757002 154.39539195 -0.17254213 -0.02058795 25.56974901
DJI_20211224093034_0401.JPG 101.01739371 14.51773850 154.36924489 -0.15947874 -0.01547778 25.59972431
DJI_20211224093035_0402.JPG 101.01730548 14.51790507 154.35388077 -0.14387786 -0.01714398 25.61928867
DJI_20211224093037_0403.JPG 101.01722192 14.51806382 154.35841161 -0.14641725 -0.02987888 25.61937317
DJI_20211224093038_0404.JPG 101.01713342 14.51823225 154.37373269 -0.15171765 -0.02859721 25.63885742
DJI_20211224093040_0405.JPG 101.01704474 14.51840078 154.38057930 -0.15741077 -0.03947340 25.63906300
DJI_20211224093041_0406.JPG 101.01695565 14.51857078 154.35950992 -0.16242771 -0.05275154 25.63710280
DJI_20211224093043_0407.JPG 101.01687378 14.51872640 154.36153399 -0.16656399 -0.05703441 25.64655894
DJI_20211224093044_0408.JPG 101.01678643 14.51889223 154.34426072 -0.17164861 -0.07518683 25.65125582
DJI_20211224093046_0409.JPG 101.01669695 14.51906212 154.34312418 -0.18128704 -0.07574486 25.67395694
DJI_20211224093047_0410.JPG 101.01660684 14.51923322 154.36629483 -0.18936583 -0.09292304 25.66377846
DJI_20211224093048_0411.JPG 101.01652602 14.51938617 154.37376601 -0.19015599 -0.08519182 25.64712365
DJI_20211224093050_0412.JPG 101.01643848 14.51955205 154.36934495 -0.19847518 -0.07973564 25.65342490
DJI_20211224093051_0413.JPG 101.01634888 14.51972226 154.36760619 -0.20298834 -0.08122115 25.63405527
DJI_20211224093053_0414.JPG 101.01626468 14.51988229 154.36713355 -0.22242652 -0.08503286 25.61604155
DJI_20211224093054_0415.JPG 101.01617827 14.52004624 154.36628680 -0.24167453 -0.08601401 25.60330195
DJI_20211224093056_0416.JPG 101.01608745 14.52021918 154.36083474 -0.24735489 -0.10703948 25.58907358
DJI_20211224093057_0417.JPG 101.01600444 14.52037713 154.33816749 -0.25282705 -0.11349453 25.57964847
DJI_20211224093059_0418.JPG 101.01591421 14.52054853 154.38029142 -0.23484685 -0.10596486 25.59345923
DJI_20211224093100_0419.JPG 101.01582862 14.52071231 154.45823164 -0.20413205 -0.11162020 25.60834524
DJI_20211224093102_0420.JPG 101.01574621 14.52086938 154.44664228 -0.19369158 -0.10814637 25.61656557
DJI_20211224093103_0421.JPG 101.01565631 14.52103933 154.41839699 -0.17898816 -0.11568963 25.61885202
DJI_20211224093105_0422.JPG 101.01556827 14.52120629 154.39904330 -0.18337374 -0.10225040 25.61160973
DJI_20211224093106_0423.JPG 101.01548198 14.52137063 154.41655582 -0.16889284 -0.10217991 25.60614520
DJI_20211224093108_0424.JPG 101.01539343 14.52153765 154.34834471 -0.15911623 -0.08165433 25.60822824
DJI_20211224093144_0443.JPG 101.01590577 14.52178394 154.40364058 0.32241771 0.03833418 -150.32675629
DJI_20211224093146_0444.JPG 101.01599175 14.52162125 154.41770508 0.27272917 0.00603993 -150.31909195
DJI_20211224093147_0445.JPG 101.01608306 14.52144791 154.36152119 0.25845592 -0.04674465 -150.33372308
DJI_20211224093149_0446.JPG 101.01616328 14.52129681 154.40351140 0.25516237 -0.08165348 -150.35826736
DJI_20211224093150_0447.JPG 101.01625201 14.52112899 154.36703713 0.24338558 -0.10980170 -150.37495175
DJI_20211224093152_0448.JPG 101.01634020 14.52096144 154.37016504 0.28096777 -0.10646547 -150.41534656
DJI_20211224093153_0449.JPG 101.01642829 14.52079299 154.39488103 0.27379508 -0.10917108 -150.42845876
DJI_20211224093155_0450.JPG 101.01651294 14.52063189 154.38188235 0.28434781 -0.10756810 -150.46042968
DJI_20211224093156_0451.JPG 101.01660060 14.52046466 154.37610876 0.30646933 -0.09670172 -150.46537572
DJI_20211224093158_0452.JPG 101.01668676 14.52030043 154.36957537 0.33035435 -0.06354828 -150.46974426
DJI_20211224093159_0453.JPG 101.01677550 14.52013242 154.34505018 0.36533115 -0.03487262 -150.45176656
DJI_20211224093201_0454.JPG 101.01686561 14.51996129 154.36685517 0.38088877 -0.01050765 -150.45250500
DJI_20211224093202_0455.JPG 101.01694695 14.51980747 154.38426451 0.39547138 0.00857829 -150.46390832
DJI_20211224093204_0456.JPG 101.01703527 14.51964017 154.36361445 0.40908983 0.00580325 -150.48406940
DJI_20211224093205_0457.JPG 101.01712402 14.51947266 154.38442416 0.41622104 0.02592695 -150.49655537
DJI_20211224093207_0458.JPG 101.01721237 14.51930512 154.39947193 0.42353004 0.02027609 -150.50795585
DJI_20211224093208_0459.JPG 101.01729879 14.51914050 154.39877331 0.40406489 0.00410367 -150.50512194
DJI_20211224093210_0460.JPG 101.01738512 14.51897647 154.35867264 0.40856483 -0.00388763 -150.50047646
DJI_20211224093211_0461.JPG 101.01747313 14.51880864 154.37518951 0.41951326 0.00456818 -150.49737849
DJI_20211224093212_0462.JPG 101.01755482 14.51865274 154.42081625 0.41768660 0.00307234 -150.50498738
DJI_20211224093214_0463.JPG 101.01764514 14.51848022 154.41033346 0.40639131 0.00127350 -150.49903849
DJI_20211224093215_0464.JPG 101.01773139 14.51831515 154.41726221 0.40046145 0.00815481 -150.51949816
DJI_20211224093217_0465.JPG 101.01781909 14.51814843 154.42324422 0.40592881 0.02747975 -150.52598237
DJI_20211224093218_0466.JPG 101.01790228 14.51799060 154.44276381 0.39383323 0.02940186 -150.52595717
DJI_20211224093220_0467.JPG 101.01799377 14.51781755 154.42313927 0.38159119 0.03174187 -150.53892179
DJI_20211224093221_0468.JPG 101.01808149 14.51765111 154.38867371 0.36700534 0.02075779 -150.54784066
DJI_20211224093223_0469.JPG 101.01816514 14.51749198 154.39317821 0.36106989 0.02109050 -150.52999762
DJI_20211224093224_0470.JPG 101.01825237 14.51732623 154.41672888 0.35872853 0.03145972 -150.52202243
DJI_20211224093226_0471.JPG 101.01834414 14.51715165 154.41045103 0.36398054 0.03988196 -150.52678507
DJI_20211224093227_0472.JPG 101.01843070 14.51698626 154.45659009 0.35642238 0.03872451 -150.52718356
DJI_20211224093229_0473.JPG 101.01851239 14.51683214 154.39176156 0.33648489 0.03369317 -150.52239190
DJI_20211224093230_0474.JPG 101.01860374 14.51665913 154.42360834 0.32458380 0.04342475 -150.50477844
DJI_20211224093232_0475.JPG 101.01868975 14.51649630 154.40871710 0.30395976 0.03969452 -150.52662522
DJI_20211224093233_0476.JPG 101.01877816 14.51632842 154.35339479 0.29878227 0.04514184 -150.56673716
DJI_20211224093235_0477.JPG 101.01886143 14.51616989 154.38177177 0.29888890 0.05402132 -150.57720663
DJI_20211224093236_0478.JPG 101.01895247 14.51599776 154.37853249 0.30925260 0.05327772 -150.55295122
DJI_20211224093238_0479.JPG 101.01903811 14.51583467 154.42158399 0.31552490 0.05232309 -150.54482632
DJI_20211224093239_0480.JPG 101.01912097 14.51567750 154.40440557 0.31471825 0.05778273 -150.54149304
DJI_20211224093240_0481.JPG 101.01920876 14.51551113 154.39992066 0.33802040 0.04552220 -150.51835324
DJI_20211224093242_0482.JPG 101.01929794 14.51534137 154.35584932 0.37976168 0.04787755 -150.51233853
DJI_20211224093243_0483.JPG 101.01938536 14.51517477 154.37051831 0.37573726 0.03153565 -150.51225806
DJI_20211224093245_0484.JPG 101.01946963 14.51501396 154.38169321 0.38000886 0.03371838 -150.47835911
DJI_20211224093246_0485.JPG 101.01955704 14.51484716 154.36943330 0.38125456 0.02640437 -150.46428757
DJI_20211224093248_0486.JPG 101.01964548 14.51467855 154.36291861 0.38213319 0.03245086 -150.46915808
DJI_20211224093329_0508.JPG 101.02022355 14.51480503 154.32949101 -0.17261995 -0.18295074 25.21676618
DJI_20211224093331_0509.JPG 101.02014413 14.51495596 154.32925184 -0.17451367 -0.11849274 25.20856055
DJI_20211224093332_0510.JPG 101.02005250 14.51513085 154.33593256 -0.19598856 -0.05430306 25.21001662
DJI_20211224093334_0511.JPG 101.01996581 14.51529492 154.30983551 -0.18982998 -0.00572398 25.21688112
DJI_20211224093335_0512.JPG 101.01988338 14.51545090 154.30834527 -0.20766142 0.01557117 25.21799934
DJI_20211224093337_0513.JPG 101.01979511 14.51561827 154.31046857 -0.22887566 0.03422670 25.22900079
DJI_20211224093338_0514.JPG 101.01970513 14.51579006 154.34935220 -0.24444570 0.04658623 25.25083608
DJI_20211224093340_0515.JPG 101.01961625 14.51595941 154.34250818 -0.26146293 0.05041973 25.26521170
DJI_20211224093341_0516.JPG 101.01952805 14.51612682 154.40208848 -0.24765564 0.05206512 25.28509210
DJI_20211224093343_0517.JPG 101.01944461 14.51628527 154.37502528 -0.24235738 0.04587374 25.28509832
DJI_20211224093344_0518.JPG 101.01935887 14.51644776 154.34610406 -0.23964413 0.03278185 25.30157767
DJI_20211224093346_0519.JPG 101.01926781 14.51662041 154.32166663 -0.22704730 0.01453979 25.31779878
DJI_20211224093347_0520.JPG 101.01918248 14.51678357 154.33748023 -0.22683756 0.00493595 25.32727469
DJI_20211224093348_0521.JPG 101.01909900 14.51694253 154.33944765 -0.20745636 0.01258846 25.33717857
DJI_20211224093350_0522.JPG 101.01900819 14.51711510 154.35622116 -0.19829831 0.00069887 25.35728290
DJI_20211224093351_0523.JPG 101.01892258 14.51727788 154.38237687 -0.18524574 -0.01717309 25.36052602
DJI_20211224093353_0524.JPG 101.01883881 14.51743730 154.34455064 -0.16275086 -0.02084211 25.36047745
DJI_20211224093354_0525.JPG 101.01874965 14.51760653 154.33495027 -0.15265526 -0.04188864 25.31678699
DJI_20211224093356_0526.JPG 101.01865975 14.51777667 154.29731028 -0.15242041 -0.06821835 25.31749227
DJI_20211224093357_0527.JPG 101.01857356 14.51793943 154.32093365 -0.16739033 -0.08651190 25.30725581
DJI_20211224093359_0528.JPG 101.01848667 14.51810455 154.33728412 -0.15189643 -0.08352233 25.32381137
DJI_20211224093400_0529.JPG 101.01840145 14.51826689 154.35703442 -0.16450661 -0.09980892 25.30606361
DJI_20211224093402_0530.JPG 101.01831312 14.51843468 154.31750620 -0.18032024 -0.10633398 25.30496262
DJI_20211224093403_0531.JPG 101.01822423 14.51860317 154.34483269 -0.16869949 -0.11471782 25.31105344
DJI_20211224093405_0532.JPG 101.01814178 14.51876003 154.36453631 -0.15411934 -0.10950005 25.32403334
DJI_20211224093406_0533.JPG 101.01805336 14.51892845 154.42651926 -0.12818613 -0.09838695 25.34435668
DJI_20211224093408_0534.JPG 101.01796499 14.51909711 154.42821871 -0.11034252 -0.08465499 25.35188738
DJI_20211224093409_0535.JPG 101.01787763 14.51926294 154.39780800 -0.08983057 -0.07642640 25.34723792
DJI_20211224093411_0536.JPG 101.01778835 14.51943214 154.37237335 -0.10602011 -0.06876536 25.34130841
DJI_20211224093412_0537.JPG 101.01770373 14.51959245 154.39348889 -0.12931123 -0.06026966 25.35890606
DJI_20211224093414_0538.JPG 101.01761469 14.51976194 154.39702901 -0.13612012 -0.06161861 25.37068087
DJI_20211224093415_0539.JPG 101.01752923 14.51992477 154.39584237 -0.13574117 -0.05229895 25.38246401
DJI_20211224093417_0540.JPG 101.01744080 14.52009307 154.37325579 -0.13158186 -0.03805759 25.38644900
DJI_20211224093418_0541.JPG 101.01735367 14.52025846 154.35454650 -0.13840641 -0.04179332 25.41086290
DJI_20211224093419_0542.JPG 101.01726729 14.52042283 154.35830930 -0.13823631 -0.02907393 25.41692397
DJI_20211224093421_0543.JPG 101.01718421 14.52058064 154.38303217 -0.14006189 -0.02279986 25.42525774
DJI_20211224093422_0544.JPG 101.01709448 14.52075132 154.36355337 -0.14858295 -0.01254911 25.43548534
DJI_20211224093424_0545.JPG 101.01700703 14.52091752 154.35867970 -0.13460187 -0.00064463 25.43389749
DJI_20211224093425_0546.JPG 101.01691866 14.52108547 154.39146513 -0.13998509 0.00095916 25.41142300
DJI_20211224093427_0547.JPG 101.01683084 14.52125353 154.38886124 -0.15710165 -0.02017745 25.38508464
DJI_20211224093428_0548.JPG 101.01674831 14.52141034 154.37381813 -0.15298927 -0.02699587 25.36620062
DJI_20211224093430_0549.JPG 101.01665973 14.52157814 154.37501807 -0.16709932 -0.02700125 25.35349813
DJI_20211224093431_0550.JPG 101.01657209 14.52174406 154.35693727 -0.18276551 -0.03543849 25.36447458
DJI_20211224093433_0551.JPG 101.01648007 14.52191863 154.36606987 -0.20373217 -0.04043839 25.37528291
DJI_20211224093434_0552.JPG 101.01640084 14.52207029 154.41235852 -0.19592161 -0.04338267 25.38434698
DJI_20211224093511_0571.JPG 101.01690235 14.52233413 154.39654803 0.50967157 0.05906559 -150.88104608
DJI_20211224093513_0572.JPG 101.01698976 14.52216763 154.39673972 0.48804877 0.05122541 -150.87705816
DJI_20211224093514_0573.JPG 101.01707811 14.52200017 154.39744979 0.48203183 0.03217828 -150.85661399
DJI_20211224093516_0574.JPG 101.01716056 14.52184355 154.39159354 0.46805123 0.02192299 -150.85830682
DJI_20211224093517_0575.JPG 101.01724935 14.52167597 154.36609438 0.47231213 0.03042681 -150.85704674
DJI_20211224093519_0576.JPG 101.01733784 14.52150813 154.38172936 0.48330772 0.02327415 -150.87365358
DJI_20211224093520_0577.JPG 101.01742628 14.52134036 154.35919959 0.50973456 0.03063288 -150.88337418
DJI_20211224093522_0578.JPG 101.01751454 14.52117289 154.35960584 0.55789433 0.04584174 -150.89435207
DJI_20211224093523_0579.JPG 101.01759713 14.52101619 154.38749385 0.58796062 0.07768297 -150.90660667
DJI_20211224093524_0580.JPG 101.01768467 14.52085017 154.37477503 0.61268041 0.10214049 -150.93055549
DJI_20211224093526_0581.JPG 101.01777338 14.52068188 154.37399528 0.65735967 0.11639902 -150.93230747
DJI_20211224093527_0582.JPG 101.01785836 14.52052040 154.39912580 0.67582680 0.12301076 -150.94522521
DJI_20211224093529_0583.JPG 101.01794800 14.52035031 154.42401491 0.68400171 0.11992510 -150.95505516
DJI_20211224093530_0584.JPG 101.01803432 14.52018613 154.42103109 0.67806695 0.11421475 -150.94161698
DJI_20211224093532_0585.JPG 101.01812529 14.52001356 154.43638274 0.68703803 0.11811613 -150.93691240
DJI_20211224093533_0586.JPG 101.01820710 14.51985757 154.43083041 0.67742401 0.10019627 -150.92913155
DJI_20211224093535_0587.JPG 101.01829597 14.51968901 154.44440605 0.67996447 0.09768631 -150.91306838
DJI_20211224093536_0588.JPG 101.01838517 14.51952048 154.43555613 0.66307581 0.08842535 -150.89460374
DJI_20211224093538_0589.JPG 101.01847038 14.51935859 154.42791375 0.64089380 0.06826252 -150.90217509
DJI_20211224093539_0590.JPG 101.01855842 14.51919040 154.43367798 0.63986048 0.06902727 -150.90568432
DJI_20211224093541_0591.JPG 101.01864427 14.51902554 154.39578816 0.63264265 0.07699279 -150.91237021
DJI_20211224093542_0592.JPG 101.01873051 14.51886103 154.38796411 0.63943879 0.09475751 -150.93602769
DJI_20211224093544_0593.JPG 101.01881708 14.51869782 154.36080700 0.64125402 0.10278029 -150.93400899
DJI_20211224093545_0594.JPG 101.01890478 14.51853168 154.38140644 0.65518155 0.11167350 -150.93405271
DJI_20211224093547_0595.JPG 101.01899416 14.51836353 154.38794387 0.64335099 0.11282576 -150.92245332
DJI_20211224093548_0596.JPG 101.01907817 14.51820398 154.41456933 0.62412903 0.09378179 -150.87472621
DJI_20211224093550_0597.JPG 101.01916536 14.51803796 154.38188393 0.62006990 0.09433438 -150.87830391
DJI_20211224093551_0598.JPG 101.01925384 14.51787027 154.37177890 0.63582185 0.10900871 -150.88783485
DJI_20211224093553_0599.JPG 101.01934244 14.51770155 154.36229802 0.66833367 0.11802733 -150.89303965
DJI_20211224093554_0600.JPG 101.01942414 14.51754589 154.33020081 0.67190016 0.12066130 -150.89816098
DJI_20211224093555_0601.JPG 101.01951406 14.51737518 154.33730020 0.66567670 0.12520987 -150.89912860
DJI_20211224093557_0602.JPG 101.01960162 14.51720890 154.32418804 0.67144855 0.13212802 -150.90851459
DJI_20211224093558_0603.JPG 101.01968514 14.51704979 154.34444970 0.65857830 0.12843030 -150.89328611
DJI_20211224093600_0604.JPG 101.01977361 14.51688116 154.36696553 0.64116511 0.13504204 -150.89976147
DJI_20211224093601_0605.JPG 101.01986186 14.51671246 154.36711529 0.62778901 0.13799615 -150.89124819
DJI_20211224093603_0606.JPG 101.01995103 14.51654330 154.34876811 0.60326501 0.14619562 -150.90037856
DJI_20211224093604_0607.JPG 101.02003350 14.51638700 154.33130097 0.59770564 0.14889716 -150.90320047
DJI_20211224093606_0608.JPG 101.02012113 14.51622089 154.33350887 0.60166535 0.16575576 -150.88852914
DJI_20211224093607_0609.JPG 101.02020989 14.51605263 154.34106530 0.61600840 0.18019231 -150.88334750
DJI_20211224093609_0610.JPG 101.02029821 14.51588439 154.37317899 0.62527060 0.18638360 -150.88435673
DJI_20211224093610_0611.JPG 101.02038323 14.51572328 154.37744446 0.61674709 0.17563494 -150.89341889
DJI_20211224093612_0612.JPG 101.02047071 14.51555691 154.38396508 0.62699312 0.16954090 -150.91247610
DJI_20211224093613_0613.JPG 101.02055896 14.51538935 154.37293726 0.62930818 0.16145198 -150.92879149
DJI_20211224093615_0614.JPG 101.02064436 14.51522711 154.35875869 0.62545802 0.15311733 -150.92964541
DJI_20211224093616_0615.JPG 101.02073410 14.51505726 154.37230693 0.61852639 0.14993905 -150.91843843
DJI_20211224093656_0636.JPG 101.02123941 14.51532095 154.36356435 -0.21032325 -0.30120480 24.98351141
DJI_20211224093658_0637.JPG 101.02115125 14.51548935 154.36724709 -0.19707265 -0.22251286 24.99246156
DJI_20211224093659_0638.JPG 101.02106220 14.51565845 154.36549261 -0.19569191 -0.15774150 24.99162968
DJI_20211224093701_0639.JPG 101.02097480 14.51582430 154.36963086 -0.21282370 -0.11243413 25.01515139
DJI_20211224093702_0640.JPG 101.02088591 14.51599310 154.36609610 -0.24578763 -0.08483079 25.04665753
DJI_20211224093703_0641.JPG 101.02080352 14.51614989 154.35894369 -0.24641991 -0.06272763 25.08731462
DJI_20211224093705_0642.JPG 101.02071493 14.51631683 154.32680835 -0.27470044 -0.03494029 25.10639418
DJI_20211224093706_0643.JPG 101.02062619 14.51648428 154.32180376 -0.30859091 -0.01872959 25.10345195
DJI_20211224093708_0644.JPG 101.02053758 14.51665332 154.31809946 -0.31186865 -0.00253102 25.12455515
DJI_20211224093709_0645.JPG 101.02045450 14.51681241 154.30704550 -0.32172781 0.00686545 25.14833050
DJI_20211224093711_0646.JPG 101.02036634 14.51698014 154.30818527 -0.31096088 -0.00011251 25.16141437
DJI_20211224093712_0647.JPG 101.02027748 14.51714804 154.32199354 -0.32859339 0.00119349 25.17764361
DJI_20211224093714_0648.JPG 101.02019496 14.51730460 154.32696043 -0.33450100 -0.00312128 25.18076972
DJI_20211224093715_0649.JPG 101.02010549 14.51747451 154.33747330 -0.33551794 -0.00180546 25.18527396
DJI_20211224093717_0650.JPG 101.02001788 14.51764170 154.37239240 -0.31627789 -0.01382198 25.18294940
DJI_20211224093718_0651.JPG 101.01992807 14.51781216 154.35910752 -0.29315864 -0.01827049 25.18840584
DJI_20211224093720_0652.JPG 101.01984433 14.51797189 154.35304898 -0.28361803 -0.02654500 25.18462162
DJI_20211224093721_0653.JPG 101.01975895 14.51813451 154.34291575 -0.28401701 -0.03434809 25.18408473
DJI_20211224093723_0654.JPG 101.01966939 14.51830500 154.36227598 -0.27756693 -0.04244809 25.16812757
DJI_20211224094225_0001.JPG 101.01961102 14.51841358 154.43560577 0.37396110 0.23469423 28.95194615
DJI_20211224094229_0002.JPG 101.01951007 14.51860614 154.31970106 -0.30942438 0.06039742 28.76106316
DJI_20211224094231_0003.JPG 101.01941871 14.51877966 154.27751081 -0.28218564 0.10077096 28.66355607
DJI_20211224094232_0004.JPG 101.01932853 14.51895059 154.41006606 -0.05889497 0.24330834 28.61513290
DJI_20211224094233_0005.JPG 101.01924864 14.51910292 154.40234637 0.16542860 0.36953856 28.58859468
DJI_20211224094235_0006.JPG 101.01915987 14.51927268 154.39749020 0.32383907 0.46776142 28.55593922
DJI_20211224094236_0007.JPG 101.01907145 14.51944114 154.38371047 0.42456801 0.54525925 28.53902550
DJI_20211224094238_0008.JPG 101.01898881 14.51959814 154.39793869 0.49901258 0.59538239 28.53379639
DJI_20211224094239_0009.JPG 101.01890128 14.51976400 154.39321584 0.54229527 0.64808032 28.55631382
DJI_20211224094241_0010.JPG 101.01881257 14.51993138 154.38331496 0.55871684 0.67705994 28.57259116
DJI_20211224094242_0011.JPG 101.01872389 14.52009903 154.41928026 0.56128904 0.69587290 28.58837551
DJI_20211224094244_0012.JPG 101.01863272 14.52027218 154.48106949 0.56367225 0.69867655 28.56223382
DJI_20211224094245_0013.JPG 101.01855284 14.52042597 154.43319373 0.55121574 0.70397755 28.56467822
DJI_20211224094247_0014.JPG 101.01846565 14.52059347 154.37849729 0.52924856 0.68068486 28.57959850
DJI_20211224094248_0015.JPG 101.01837746 14.52076095 154.37341272 0.50603190 0.65462232 28.61237707
DJI_20211224094250_0016.JPG 101.01828778 14.52093060 154.38143565 0.49099357 0.62384009 28.61858696
DJI_20211224094251_0017.JPG 101.01820396 14.52108879 154.37941752 0.46811395 0.60795357 28.62629490
DJI_20211224094253_0018.JPG 101.01811687 14.52125548 154.37683645 0.42759735 0.58828031 28.60666310
DJI_20211224094254_0019.JPG 101.01802642 14.52142792 154.36384157 0.38095712 0.58339099 28.60927908
DJI_20211224094256_0020.JPG 101.01793980 14.52159184 154.36029420 0.36195907 0.57423466 28.61678039
DJI_20211224094257_0021.JPG 101.01785205 14.52175751 154.35509782 0.32502436 0.56588174 28.63865018
DJI_20211224094258_0022.JPG 101.01776818 14.52191624 154.38674751 0.32135291 0.55695602 28.66137224
DJI_20211224094300_0023.JPG 101.01767952 14.52208457 154.39895816 0.34311950 0.55790213 28.67582323
DJI_20211224094301_0024.JPG 101.01759122 14.52225276 154.39695059 0.36651789 0.54859326 28.66673022
DJI_20211224094303_0025.JPG 101.01750586 14.52241496 154.39037562 0.37818000 0.54484434 28.67341710
DJI_20211224094304_0026.JPG 101.01741993 14.52257770 154.39167528 0.41068024 0.53593483 28.68425423
DJI_20211224094342_0045.JPG 101.01790278 14.52288082 154.38327713 0.70707780 0.08098797 -150.15784174
DJI_20211224094343_0046.JPG 101.01798838 14.52271654 154.38835976 0.71336642 0.04638887 -150.15491131
DJI_20211224094345_0047.JPG 101.01807579 14.52254974 154.39283179 0.72085400 0.02957361 -150.19682274
DJI_20211224094346_0048.JPG 101.01816783 14.52237446 154.42412120 0.71219206 0.01266844 -150.23247990
DJI_20211224094348_0049.JPG 101.01824752 14.52222375 154.40889777 0.73211645 0.00803788 -150.24060098
DJI_20211224094349_0050.JPG 101.01833490 14.52205766 154.42270327 0.73150247 -0.00475864 -150.27515508
DJI_20211224094351_0051.JPG 101.01842578 14.52188667 154.43863948 0.72895206 -0.01387036 -150.27822605
DJI_20211224094352_0052.JPG 101.01851425 14.52172033 154.41032548 0.73127191 -0.02676600 -150.26648241
DJI_20211224094353_0053.JPG 101.01859729 14.52156353 154.39052204 0.71667801 -0.03608366 -150.25119359
DJI_20211224094355_0054.JPG 101.01868696 14.52139420 154.38344092 0.71873262 -0.03113551 -150.24292368
DJI_20211224094356_0055.JPG 101.01877680 14.52122261 154.38284682 0.70945082 -0.02957658 -150.23691526
DJI_20211224094358_0056.JPG 101.01885689 14.52106888 154.39138531 0.70074757 -0.01673914 -150.23988067
DJI_20211224094359_0057.JPG 101.01894556 14.52090156 154.38490095 0.69727867 0.00175556 -150.28585733
DJI_20211224094401_0058.JPG 101.01903338 14.52073544 154.32792075 0.70941789 0.00189893 -150.28079452
DJI_20211224094402_0059.JPG 101.01912163 14.52056585 154.32929164 0.74958275 0.02850148 -150.29122218
DJI_20211224094404_0060.JPG 101.01920432 14.52040887 154.40214936 0.75952748 0.03000357 -150.29057365
DJI_20211224094405_0061.JPG 101.01929322 14.52024011 154.42048951 0.75705692 0.03457595 -150.29669005
DJI_20211224094407_0062.JPG 101.01938118 14.52007262 154.43725040 0.74618418 0.03413669 -150.27531540
DJI_20211224094408_0063.JPG 101.01946331 14.51991520 154.45157025 0.72174586 0.03591299 -150.28007329
DJI_20211224094410_0064.JPG 101.01955195 14.51974637 154.42109349 0.73905852 0.05934540 -150.26189461
DJI_20211224094411_0065.JPG 101.01964172 14.51957583 154.41262399 0.74805494 0.08710948 -150.26097118
DJI_20211224094413_0066.JPG 101.01972730 14.51941319 154.41597220 0.74152516 0.10085149 -150.26542804
DJI_20211224094414_0067.JPG 101.01981530 14.51924537 154.44033839 0.73268259 0.12126385 -150.28580442
DJI_20211224094416_0068.JPG 101.01989866 14.51908683 154.41105780 0.74799165 0.14299726 -150.30202810
DJI_20211224094417_0069.JPG 101.01998764 14.51891870 154.37978226 0.76328520 0.15014770 -150.29480296
DJI_20211224094419_0070.JPG 101.02007735 14.51875027 154.37515037 0.74586590 0.13878161 -150.28854339
DJI_20211224094420_0071.JPG 101.02016030 14.51859249 154.38078965 0.72831627 0.14137363 -150.27476581
DJI_20211224094421_0072.JPG 101.02024894 14.51842324 154.35193812 0.69633339 0.12989028 -150.25882511
DJI_20211224094423_0073.JPG 101.02033659 14.51825496 154.27470556 0.66072290 0.13395307 -150.29201946
DJI_20211224094424_0074.JPG 101.02042524 14.51808781 154.27953313 0.69329711 0.14863941 -150.30101344
DJI_20211224094426_0075.JPG 101.02050869 14.51793025 154.30191317 0.69636980 0.16183748 -150.30355379
DJI_20211224094427_0076.JPG 101.02059777 14.51776184 154.35087687 0.71206105 0.15358908 -150.28680861
DJI_20211224094429_0077.JPG 101.02068627 14.51759431 154.34389406 0.71920044 0.14991395 -150.26848792
DJI_20211224094430_0078.JPG 101.02076792 14.51743910 154.41678860 0.71253138 0.13954654 -150.22277486
DJI_20211224094432_0079.JPG 101.02085731 14.51726854 154.40146638 0.68510276 0.14398256 -150.21283954
DJI_20211224094433_0080.JPG 101.02094604 14.51709951 154.40681042 0.63919615 0.13362790 -150.26921287
DJI_20211224094435_0081.JPG 101.02103349 14.51693269 154.42851951 0.59005748 0.11019855 -150.31615329
DJI_20211224094436_0082.JPG 101.02111532 14.51677538 154.41236424 0.57668130 0.10151727 -150.34184660
DJI_20211224094438_0083.JPG 101.02120297 14.51660796 154.38248646 0.60714330 0.13148332 -150.36585861
DJI_20211224094439_0084.JPG 101.02129632 14.51643470 154.28444972 0.65486577 0.12664239 -150.35078869
DJI_20211224094441_0085.JPG 101.02137616 14.51628301 154.34737893 0.68351421 0.13518717 -150.33959871
DJI_20211224094442_0086.JPG 101.02146460 14.51611390 154.35417483 0.68976339 0.14104294 -150.34327478
DJI_20211224094444_0087.JPG 101.02155361 14.51594562 154.35122515 0.68652296 0.15090304 -150.31762317
DJI_20211224094445_0088.JPG 101.02164256 14.51577595 154.35867949 0.68520313 0.16017346 -150.29978377
DJI_20211224094446_0089.JPG 101.02172444 14.51562024 154.36517152 0.68554190 0.15754252 -150.27583504
DJI_20211224094527_0110.JPG 101.02224250 14.51585831 154.34007688 -0.02591167 -0.04611128 25.76480869
DJI_20211224094528_0111.JPG 101.02216080 14.51601514 154.36438841 -0.05866640 0.01445238 25.77943387
DJI_20211224094530_0112.JPG 101.02207122 14.51618542 154.34909628 -0.10036150 0.07036724 25.78326704
DJI_20211224094531_0113.JPG 101.02198203 14.51635468 154.33840427 -0.13848518 0.09947131 25.80437151
DJI_20211224094533_0114.JPG 101.02189263 14.51652434 154.31262618 -0.17677930 0.12754652 25.81700346
DJI_20211224094534_0115.JPG 101.02180956 14.51668264 154.30714126 -0.21183402 0.13801803 25.84566560
DJI_20211224094536_0116.JPG 101.02172177 14.51684886 154.32190713 -0.23453613 0.14520688 25.88348087
DJI_20211224094537_0117.JPG 101.02163540 14.51701152 154.35791121 -0.25032057 0.14500534 25.89610514
DJI_20211224094539_0118.JPG 101.02154288 14.51718761 154.40615436 -0.23598847 0.14374343 25.91027749
DJI_20211224094540_0119.JPG 101.02146150 14.51734180 154.39656566 -0.23250557 0.13959796 25.92492085
DJI_20211224094542_0120.JPG 101.02137474 14.51750599 154.41476525 -0.23465196 0.13796866 25.92632938
DJI_20211224094543_0121.JPG 101.02128376 14.51767990 154.43437164 -0.21967822 0.13335877 25.89423821
DJI_20211224094545_0122.JPG 101.02119861 14.51784274 154.39281600 -0.23405794 0.14340507 25.82561275
DJI_20211224094546_0123.JPG 101.02111376 14.51800479 154.36469265 -0.24160986 0.13159586 25.79594355
DJI_20211224094547_0124.JPG 101.02102849 14.51816773 154.31970742 -0.26168560 0.11575306 25.79952066
DJI_20211224094549_0125.JPG 101.02094024 14.51833569 154.30873221 -0.26581898 0.09979800 25.86278311
DJI_20211224094550_0126.JPG 101.02085157 14.51850363 154.29006552 -0.26295398 0.07158150 25.90879642
DJI_20211224094552_0127.JPG 101.02076090 14.51867419 154.27807625 -0.27909471 0.04555916 25.92966928
DJI_20211224094553_0128.JPG 101.02067966 14.51882761 154.30767146 -0.25381489 0.03989419 25.96952138
DJI_20211224094555_0129.JPG 101.02059215 14.51899435 154.34124228 -0.23356056 0.02742742 25.97568270
DJI_20211224094556_0130.JPG 101.02050158 14.51916598 154.35190393 -0.19748411 0.02464738 25.96574678
DJI_20211224094558_0131.JPG 101.02041908 14.51932258 154.34553046 -0.15520761 0.02435176 25.93650727
DJI_20211224094559_0132.JPG 101.02033085 14.51949110 154.31888105 -0.14167927 0.02425785 25.88919404
DJI_20211224094601_0133.JPG 101.02024239 14.51965926 154.33268242 -0.12643228 0.01995930 25.83303430
DJI_20211224094602_0134.JPG 101.02015403 14.51982709 154.34418871 -0.11412736 -0.00432981 25.77718085
DJI_20211224094604_0135.JPG 101.02006903 14.51998834 154.36799000 -0.10364518 -0.00815259 25.75737981
DJI_20211224094605_0136.JPG 101.01998258 14.52015292 154.35355231 -0.08035228 -0.01744891 25.76618578
DJI_20211224094607_0137.JPG 101.01989279 14.52032484 154.34387042 -0.07098033 -0.03099066 25.78854813
DJI_20211224094608_0138.JPG 101.01981126 14.52048084 154.32076245 -0.07602086 -0.04650370 25.80338705
DJI_20211224094610_0139.JPG 101.01972468 14.52064421 154.32272646 -0.08577076 -0.03832811 25.82147179
DJI_20211224094611_0140.JPG 101.01963657 14.52081209 154.34837619 -0.10376927 -0.04590804 25.85562308
DJI_20211224094613_0141.JPG 101.01954570 14.52098556 154.40402709 -0.13178307 -0.05247522 25.89972864
DJI_20211224094614_0142.JPG 101.01945757 14.52115280 154.39124938 -0.14727893 -0.05679366 25.91725309
DJI_20211224094615_0143.JPG 101.01937396 14.52131108 154.40900834 -0.15935541 -0.04861915 25.93891526
DJI_20211224094617_0144.JPG 101.01928689 14.52147738 154.36526856 -0.18770306 -0.05291679 25.95293155
DJI_20211224094618_0145.JPG 101.01920576 14.52163308 154.36563853 -0.20604147 -0.02706978 25.96027002
DJI_20211224094620_0146.JPG 101.01911728 14.52180075 154.33292036 -0.21666292 -0.02153102 25.97438336
DJI_20211224094621_0147.JPG 101.01902882 14.52196773 154.31264799 -0.24046034 -0.02218874 25.98722618
DJI_20211224094623_0148.JPG 101.01894038 14.52213578 154.32976831 -0.26725906 -0.02452812 25.98615426
DJI_20211224094624_0149.JPG 101.01885197 14.52230392 154.37697403 -0.26655410 -0.03134272 25.97768432
DJI_20211224094626_0150.JPG 101.01876641 14.52246579 154.38269408 -0.27613865 -0.03014660 25.99053954
DJI_20211224094627_0151.JPG 101.01867813 14.52263293 154.36284151 -0.31670217 -0.02637056 26.00083181
DJI_20211224094629_0152.JPG 101.01858937 14.52280174 154.38600287 -0.32241034 -0.03269245 26.00129629
DJI_20211224094630_0153.JPG 101.01850921 14.52295528 154.43751411 -0.32206210 -0.03889741 26.00782879
DJI_20211224094632_0154.JPG 101.01841867 14.52312714 154.44506512 -0.29002988 -0.03810459 25.99047178
DJI_20211224094709_0173.JPG 101.01890238 14.52342575 154.39150338 0.37163993 0.06053828 -150.52139687
DJI_20211224094710_0174.JPG 101.01898862 14.52326182 154.37335546 0.36401294 0.04453408 -150.49896074
DJI_20211224094712_0175.JPG 101.01907623 14.52309630 154.39230165 0.38027174 0.02266552 -150.50487924
DJI_20211224094713_0176.JPG 101.01916501 14.52292793 154.41647630 0.36742293 0.00054444 -150.51607566
DJI_20211224094715_0177.JPG 101.01925447 14.52275799 154.41182344 0.37818163 -0.00842962 -150.53379107
DJI_20211224094716_0178.JPG 101.01933626 14.52260294 154.43314511 0.38557927 -0.02363718 -150.56094441
DJI_20211224094718_0179.JPG 101.01942557 14.52243410 154.44231232 0.37356385 -0.04167784 -150.58306336
DJI_20211224094719_0180.JPG 101.01951682 14.52226128 154.44957780 0.35686762 -0.07488118 -150.55679353
DJI_20211224094721_0181.JPG 101.01959586 14.52211093 154.38886772 0.37186645 -0.08602994 -150.54795265
DJI_20211224094722_0182.JPG 101.01968732 14.52193661 154.38910710 0.42542286 -0.07179080 -150.54494312
DJI_20211224094724_0183.JPG 101.01977284 14.52177416 154.38559643 0.43719136 -0.07311306 -150.59033085
DJI_20211224094725_0184.JPG 101.01986377 14.52160120 154.36169723 0.44665552 -0.06783356 -150.62196328
DJI_20211224094727_0185.JPG 101.01994423 14.52144820 154.32411163 0.44872859 -0.06393545 -150.63801096
DJI_20211224094728_0186.JPG 101.02003179 14.52128204 154.31811382 0.46537173 -0.05478260 -150.62802529
DJI_20211224094730_0187.JPG 101.02012326 14.52110755 154.31343641 0.46712670 -0.03761904 -150.63846583
DJI_20211224094731_0188.JPG 101.02020792 14.52094560 154.31528208 0.48655440 -0.00090232 -150.65135740
DJI_20211224094733_0189.JPG 101.02029153 14.52078667 154.34904212 0.50470874 0.03383590 -150.63171614
DJI_20211224094734_0190.JPG 101.02037907 14.52061961 154.34312869 0.50957405 0.06593416 -150.65770303
DJI_20211224094736_0191.JPG 101.02046953 14.52044660 154.36703362 0.50393203 0.09695452 -150.66469444
DJI_20211224094737_0192.JPG 101.02055624 14.52028216 154.32096020 0.54436107 0.11369398 -150.64908115
DJI_20211224094738_0193.JPG 101.02064181 14.52011969 154.31642250 0.54950770 0.11227892 -150.64712332
DJI_20211224094740_0194.JPG 101.02072790 14.51995664 154.34686172 0.56602112 0.13482479 -150.68707801
DJI_20211224094741_0195.JPG 101.02081577 14.51978979 154.31953832 0.55880045 0.13539529 -150.71294382
DJI_20211224094743_0196.JPG 101.02090154 14.51962800 154.20880223 0.56565964 0.11538381 -150.67261381
DJI_20211224094744_0197.JPG 101.02098791 14.51946412 154.24466309 0.57430233 0.13798723 -150.65614347
DJI_20211224094746_0198.JPG 101.02107555 14.51929722 154.32033059 0.56736815 0.13771347 -150.65137879
DJI_20211224094747_0199.JPG 101.02116677 14.51912285 154.33854019 0.54019474 0.13433256 -150.65696697
DJI_20211224094749_0200.JPG 101.02124792 14.51896974 154.33121908 0.51590318 0.12084873 -150.63777277
DJI_20211224094750_0201.JPG 101.02133557 14.51880351 154.32098401 0.50168842 0.11907761 -150.61014589
DJI_20211224094752_0202.JPG 101.02142673 14.51863024 154.34814552 0.49129192 0.13629650 -150.60541237
DJI_20211224094753_0203.JPG 101.02150751 14.51847706 154.40131576 0.47805560 0.12088140 -150.60797309
DJI_20211224094755_0204.JPG 101.02159685 14.51830677 154.40221722 0.48766912 0.11713673 -150.62169462
DJI_20211224094756_0205.JPG 101.02168350 14.51814272 154.38248475 0.49899830 0.11174665 -150.62515692
DJI_20211224094758_0206.JPG 101.02177172 14.51797460 154.38605758 0.51367619 0.10901929 -150.65005900
DJI_20211224094759_0207.JPG 101.02186258 14.51780238 154.38652710 0.50337740 0.11258866 -150.64232319
DJI_20211224094801_0208.JPG 101.02194256 14.51765088 154.37038822 0.50526584 0.10994447 -150.64124539
DJI_20211224094802_0209.JPG 101.02203140 14.51748178 154.41247017 0.51336594 0.10048764 -150.65037136
DJI_20211224094804_0210.JPG 101.02212174 14.51731010 154.36318430 0.52366841 0.10272930 -150.65658883
DJI_20211224094805_0211.JPG 101.02220763 14.51714703 154.34449801 0.53912026 0.11305151 -150.64833960
DJI_20211224094807_0212.JPG 101.02229510 14.51698121 154.39401378 0.52893593 0.11900539 -150.65239593
DJI_20211224094808_0213.JPG 101.02238403 14.51681203 154.39471999 0.53043543 0.10086557 -150.66055428
DJI_20211224094809_0214.JPG 101.02246507 14.51665833 154.37799075 0.50687955 0.06799377 -150.63208989
DJI_20211224094811_0215.JPG 101.02255282 14.51649224 154.37344660 0.49743064 0.05171907 -150.62774304
DJI_20211224094812_0216.JPG 101.02264614 14.51631499 154.38787400 0.47662403 0.03224840 -150.62251016
DJI_20211224094814_0217.JPG 101.02273010 14.51615508 154.38941404 0.47621009 0.02487517 -150.61137210
DJI_20211224094854_0238.JPG 101.02325338 14.51638249 154.34943613 0.00031347 -0.05064249 25.68622754
DJI_20211224094856_0239.JPG 101.02316628 14.51654845 154.35845394 -0.01280067 0.01243621 25.69120695
DJI_20211224094857_0240.JPG 101.02307485 14.51672198 154.35107349 -0.01955575 0.05994826 25.70900182
DJI_20211224094859_0241.JPG 101.02299460 14.51687478 154.32833716 -0.02469426 0.08760866 25.71597447
DJI_20211224094900_0242.JPG 101.02290533 14.51704547 154.30730480 -0.04840448 0.11084320 25.73327753
DJI_20211224094902_0243.JPG 101.02281838 14.51721086 154.29924339 -0.10461336 0.11974830 25.73940933
DJI_20211224094903_0244.JPG 101.02273085 14.51737711 154.35913380 -0.14938895 0.11888294 25.74744332
DJI_20211224094905_0245.JPG 101.02264823 14.51753391 154.39295240 -0.17762154 0.11689275 25.76925691
DJI_20211224094906_0246.JPG 101.02255850 14.51770355 154.38402379 -0.18274619 0.11459587 25.75491920
DJI_20211224094908_0247.JPG 101.02246945 14.51787217 154.35870812 -0.17991116 0.12390172 25.73861994
DJI_20211224094909_0248.JPG 101.02238719 14.51802934 154.33812989 -0.18546964 0.12369752 25.72470859
DJI_20211224094910_0249.JPG 101.02229899 14.51819701 154.36532954 -0.17676940 0.11031604 25.72801460
DJI_20211224094912_0250.JPG 101.02221096 14.51836407 154.36066849 -0.21357518 0.09900307 25.76568988
DJI_20211224094913_0251.JPG 101.02212315 14.51853187 154.34512729 -0.21492810 0.06915370 25.77473875
DJI_20211224094915_0252.JPG 101.02204050 14.51868902 154.37608861 -0.21778434 0.05405255 25.80161287
DJI_20211224094916_0253.JPG 101.02195111 14.51885820 154.36999268 -0.18851058 0.06155715 25.82856238
DJI_20211224094918_0254.JPG 101.02186213 14.51902689 154.32044151 -0.17470766 0.07197594 25.87780666
DJI_20211224094919_0255.JPG 101.02177333 14.51919544 154.33321315 -0.15178785 0.07973745 25.92627207
DJI_20211224094921_0256.JPG 101.02169048 14.51935252 154.34037861 -0.10893364 0.09715114 25.93680649
DJI_20211224094922_0257.JPG 101.02160201 14.51952136 154.37464781 -0.07309944 0.10373158 25.93917959
DJI_20211224094924_0258.JPG 101.02151590 14.51968429 154.37959689 -0.05106926 0.11046035 25.92052382
DJI_20211224094925_0259.JPG 101.02142846 14.51984948 154.36209440 -0.05652855 0.10348602 25.90182408
DJI_20211224094927_0260.JPG 101.02134218 14.52001367 154.36550163 -0.06414610 0.08358644 25.90909114
DJI_20211224094928_0261.JPG 101.02125358 14.52018181 154.33834314 -0.05775328 0.06893483 25.90958936
DJI_20211224094930_0262.JPG 101.02116389 14.52035122 154.39354668 -0.05104004 0.05959442 25.89301906
DJI_20211224094931_0263.JPG 101.02108151 14.52050834 154.40328901 -0.03750880 0.05865683 25.90875694
DJI_20211224094933_0264.JPG 101.02099375 14.52067791 154.42254167 -0.01155337 0.04127011 25.93424963
DJI_20211224094934_0265.JPG 101.02090604 14.52084578 154.40348878 -0.00768942 0.02623271 25.94564965
DJI_20211224094936_0266.JPG 101.02082123 14.52100686 154.41539063 -0.00587835 0.00623164 25.91939555
DJI_20211224094937_0267.JPG 101.02073292 14.52117311 154.38381576 -0.02313823 0.00214643 25.88571033
DJI_20211224094938_0268.JPG 101.02064617 14.52133809 154.36258091 -0.00570498 0.00609519 25.86763606
DJI_20211224094940_0269.JPG 101.02055793 14.52150611 154.36003403 -0.01794425 0.00536759 25.84251675
DJI_20211224094941_0270.JPG 101.02047518 14.52166300 154.35647221 -0.04677538 0.01794360 25.80622369
DJI_20211224094943_0271.JPG 101.02038727 14.52183175 154.39404353 -0.07881764 0.00428246 25.78608743
DJI_20211224094944_0272.JPG 101.02029934 14.52199990 154.36057079 -0.10747609 -0.00068653 25.77332396
DJI_20211224094946_0273.JPG 101.02020871 14.52217166 154.33177564 -0.13572980 -0.00471643 25.77472886
DJI_20211224094947_0274.JPG 101.02012321 14.52233443 154.32090833 -0.16237458 -0.01306446 25.80942558
DJI_20211224094949_0275.JPG 101.02004107 14.52249105 154.32207520 -0.17242722 -0.03472452 25.83117206
DJI_20211224094950_0276.JPG 101.01995178 14.52265926 154.34257701 -0.16090978 -0.04971271 25.84761414
DJI_20211224094952_0277.JPG 101.01986252 14.52282770 154.34785560 -0.16861093 -0.05591309 25.85214281
DJI_20211224094953_0278.JPG 101.01977899 14.52298515 154.35665932 -0.15060955 -0.04699452 25.84914481
DJI_20211224094955_0279.JPG 101.01968855 14.52315720 154.36933569 -0.13552310 -0.04008765 25.86736323
DJI_20211224094956_0280.JPG 101.01959992 14.52332618 154.38410720 -0.10934033 -0.02709482 25.89446424
DJI_20211224094958_0281.JPG 101.01951668 14.52348377 154.34525185 -0.07991762 -0.02818267 25.88884816
DJI_20211224094959_0282.JPG 101.01942829 14.52365173 154.38780095 -0.05795048 -0.01710370 25.90966296
