717429.12600000004749745131  1606454.23699999996460974216  3.48450000000000015277
717609.39599999994970858097  1606432.52900000009685754776  5.62150000000000016342
717745.53249999997206032276  1606169.32099999999627470970  9.91499999999999914735
717493.82449999998789280653  1605856.96500000008381903172  3.21899999999999986144
717691.28099999995902180672  1605967.60700000007636845112  7.97900000000000009237
717378.24650000000838190317  1605704.93999999994412064552  0.88600000000000000977
717647.44299999997019767761  1605821.83400000003166496754  3.77649999999999996803
717869.09100000001490116119  1606008.40200000000186264515  9.26800000000000068212
717567.04449999995995312929  1605642.45800000010058283806  2.26449999999999995737
717326.32799999997951090336  1605876.94100000010803341866  2.01500000000000012434
717195.93099999998230487108  1606254.29099999996833503246  -0.10100000000000000644
717058.76242502639070153236  1606090.69574302341789007187  -0.43244528412406335605
717170.79157108999788761139  1606353.14172301581129431725  0.12782109012406728255
0.00000000000000000000  0.00000000000000000000  0.00000000000000000000
