DJI_20211224092312_0125.JPG,717376.923404,1605463.725594,154.319878
DJI_20211224092313_0126.JPG,717367.936250,1605480.952457,154.339482
DJI_20211224092315_0127.JPG,717358.247119,1605499.508265,154.372846
DJI_20211224092316_0128.JPG,717348.538653,1605518.048242,154.396426
DJI_20211224092318_0129.JPG,717339.472817,1605535.315959,154.409394
DJI_20211224092319_0130.JPG,717329.677619,1605554.029743,154.425977
DJI_20211224092321_0131.JPG,717319.969906,1605572.610494,154.428400
DJI_20211224092322_0132.JPG,717310.281210,1605591.193839,154.431156
DJI_20211224092324_0133.JPG,717301.271838,1605608.423829,154.435177
DJI_20211224092325_0134.JPG,717291.586369,1605626.941126,154.424188
DJI_20211224092327_0135.JPG,717281.998700,1605645.186307,154.366502
DJI_20211224092328_0136.JPG,717272.839610,1605662.678228,154.375121
DJI_20211224092330_0137.JPG,717263.231007,1605680.946568,154.386629
DJI_20211224092331_0138.JPG,717253.383444,1605699.710711,154.345131
DJI_20211224092333_0139.JPG,717243.805330,1605718.091525,154.332327
DJI_20211224092334_0140.JPG,717234.793620,1605735.311491,154.332871
DJI_20211224092336_0141.JPG,717225.090197,1605753.774452,154.354713
DJI_20211224092337_0142.JPG,717215.271679,1605772.495237,154.368816
DJI_20211224092339_0143.JPG,717205.656782,1605790.858536,154.369371
DJI_20211224092340_0144.JPG,717196.500711,1605808.325801,154.356051
DJI_20211224092341_0145.JPG,717186.810442,1605826.824100,154.349765
DJI_20211224092343_0146.JPG,717177.105264,1605845.399709,154.361869
DJI_20211224092344_0147.JPG,717167.429219,1605863.892352,154.350077
DJI_20211224092346_0148.JPG,717158.341555,1605881.148735,154.350608
DJI_20211224092347_0149.JPG,717148.221245,1605900.409871,154.356151
DJI_20211224092349_0150.JPG,717138.857638,1605918.286442,154.345119
DJI_20211224092350_0151.JPG,717129.186825,1605936.793763,154.358868
DJI_20211224092352_0152.JPG,717120.169391,1605954.069366,154.361867
DJI_20211224092353_0153.JPG,717110.394697,1605972.666732,154.376459
DJI_20211224092355_0154.JPG,717100.827967,1605990.995813,154.394554
DJI_20211224092356_0155.JPG,717091.653726,1606008.564046,154.412650
DJI_20211224092358_0156.JPG,717082.012666,1606026.977492,154.397405
DJI_20211224092359_0157.JPG,717072.004821,1606046.077195,154.413048
DJI_20211224092401_0158.JPG,717062.592154,1606063.996544,154.413687
DJI_20211224092402_0159.JPG,717053.282532,1606081.667763,154.406331
DJI_20211224092404_0160.JPG,717043.465552,1606100.364714,154.379372
DJI_20211224092405_0161.JPG,717033.602065,1606119.123292,154.340892
DJI_20211224092406_0162.JPG,717024.877687,1606135.705970,154.368920
DJI_20211224092408_0163.JPG,717014.946684,1606154.763268,154.372267
DJI_20211224092409_0164.JPG,717005.503586,1606172.883695,154.374130
DJI_20211224092411_0165.JPG,716995.787572,1606191.432598,154.379007
DJI_20211224092412_0166.JPG,716986.584136,1606209.002762,154.364139
DJI_20211224092414_0167.JPG,716977.132456,1606227.123331,154.409326
DJI_20211224092415_0168.JPG,716967.363833,1606245.819824,154.401029
DJI_20211224092417_0169.JPG,716957.693621,1606264.341503,154.333428
DJI_20211224092451_0186.JPG,717014.800789,1606287.986546,154.415622
DJI_20211224092452_0187.JPG,717023.618938,1606271.212096,154.389098
DJI_20211224092453_0188.JPG,717033.281918,1606252.810127,154.387425
DJI_20211224092455_0189.JPG,717042.947777,1606234.380453,154.347239
DJI_20211224092456_0190.JPG,717052.739392,1606215.590077,154.394231
DJI_20211224092458_0191.JPG,717061.725021,1606198.472758,154.419755
DJI_20211224092459_0192.JPG,717071.412127,1606179.970116,154.406961
DJI_20211224092501_0193.JPG,717081.193896,1606161.267614,154.396595
DJI_20211224092502_0194.JPG,717090.779670,1606142.969256,154.451025
DJI_20211224092504_0195.JPG,717099.793383,1606125.711448,154.436384
DJI_20211224092505_0196.JPG,717109.572144,1606107.005837,154.396454
DJI_20211224092507_0197.JPG,717119.207827,1606088.623485,154.433444
DJI_20211224092508_0198.JPG,717129.094830,1606069.939334,154.404722
DJI_20211224092510_0199.JPG,717137.968555,1606053.096431,154.397014
DJI_20211224092511_0200.JPG,717147.707324,1606034.558127,154.387321
DJI_20211224092513_0201.JPG,717157.775484,1606015.211338,154.356895
DJI_20211224092514_0202.JPG,717166.564667,1605998.268907,154.346540
DJI_20211224092516_0203.JPG,717176.576146,1605979.191787,154.316693
DJI_20211224092517_0204.JPG,717185.946452,1605961.290724,154.312485
DJI_20211224092519_0205.JPG,717195.633300,1605942.865807,154.326490
DJI_20211224092520_0206.JPG,717204.703454,1605925.555117,154.339756
DJI_20211224092521_0207.JPG,717214.395438,1605907.054073,154.352576
DJI_20211224092523_0208.JPG,717224.359453,1605888.006046,154.340387
DJI_20211224092524_0209.JPG,717234.016329,1605869.602587,154.328631
DJI_20211224092526_0210.JPG,717243.421729,1605851.708609,154.334818
DJI_20211224092527_0211.JPG,717252.909816,1605833.633820,154.358971
DJI_20211224092529_0212.JPG,717262.579647,1605815.212991,154.371461
DJI_20211224092530_0213.JPG,717272.181449,1605796.868318,154.397778
DJI_20211224092532_0214.JPG,717281.149684,1605779.708043,154.389802
DJI_20211224092533_0215.JPG,717290.858669,1605761.144684,154.377451
DJI_20211224092535_0216.JPG,717300.821437,1605742.093156,154.382347
DJI_20211224092536_0217.JPG,717309.543323,1605725.361425,154.383714
DJI_20211224092538_0218.JPG,717319.232175,1605706.791482,154.399728
DJI_20211224092539_0219.JPG,717328.984317,1605688.270276,154.401055
DJI_20211224092541_0220.JPG,717338.101173,1605670.977481,154.379814
DJI_20211224092542_0221.JPG,717347.816658,1605652.483293,154.382974
DJI_20211224092544_0222.JPG,717357.507838,1605633.983892,154.382859
DJI_20211224092545_0223.JPG,717367.201081,1605615.540949,154.400620
DJI_20211224092546_0224.JPG,717376.381138,1605597.993438,154.430827
DJI_20211224092548_0225.JPG,717386.053188,1605579.596895,154.433613
DJI_20211224092549_0226.JPG,717395.792253,1605561.058952,154.461004
DJI_20211224092551_0227.JPG,717405.172414,1605543.003891,154.417222
DJI_20211224092552_0228.JPG,717414.547422,1605524.912371,154.391895
DJI_20211224092554_0229.JPG,717424.224946,1605506.327059,154.396508
DJI_20211224092555_0230.JPG,717433.854912,1605487.935971,154.399933
DJI_20211224092638_0253.JPG,717485.409466,1605522.671905,154.440745
DJI_20211224092639_0254.JPG,717475.734322,1605541.165639,154.450939
DJI_20211224092641_0255.JPG,717466.123588,1605559.582036,154.414348
DJI_20211224092642_0256.JPG,717456.451267,1605578.174752,154.367426
DJI_20211224092644_0257.JPG,717447.413254,1605595.476080,154.331007
DJI_20211224092645_0258.JPG,717437.706008,1605614.007921,154.338355
DJI_20211224092647_0259.JPG,717428.068042,1605632.330402,154.349562
DJI_20211224092648_0260.JPG,717418.477370,1605650.621704,154.348341
DJI_20211224092650_0261.JPG,717409.114826,1605668.493895,154.329433
DJI_20211224092651_0262.JPG,717399.437681,1605687.062591,154.332108
DJI_20211224092653_0263.JPG,717390.437125,1605704.248751,154.326255
DJI_20211224092654_0264.JPG,717380.759011,1605722.630940,154.337123
DJI_20211224092656_0265.JPG,717370.938073,1605741.327563,154.337054
DJI_20211224092657_0266.JPG,717361.219715,1605759.903401,154.332980
DJI_20211224092659_0267.JPG,717352.272007,1605777.009475,154.345676
DJI_20211224092700_0268.JPG,717342.455686,1605795.683335,154.362716
DJI_20211224092702_0269.JPG,717332.665180,1605814.373726,154.375457
DJI_20211224092703_0270.JPG,717323.695848,1605831.545462,154.388098
DJI_20211224092704_0271.JPG,717314.023263,1605850.069141,154.351417
DJI_20211224092706_0272.JPG,717304.072667,1605869.128175,154.395948
DJI_20211224092707_0273.JPG,717294.991519,1605886.462200,154.380244
DJI_20211224092709_0274.JPG,717285.647476,1605904.376669,154.380876
DJI_20211224092710_0275.JPG,717275.712944,1605923.326703,154.378515
DJI_20211224092712_0276.JPG,717265.737231,1605942.361936,154.369537
DJI_20211224092713_0277.JPG,717256.969762,1605959.056553,154.362634
DJI_20211224092715_0278.JPG,717247.123958,1605977.779329,154.348352
DJI_20211224092716_0279.JPG,717237.534242,1605996.075099,154.336841
DJI_20211224092718_0280.JPG,717227.819607,1606014.598145,154.350915
DJI_20211224092719_0281.JPG,717218.714230,1606031.900034,154.367044
DJI_20211224092721_0282.JPG,717209.060002,1606050.374029,154.383714
DJI_20211224092722_0283.JPG,717199.170445,1606069.178646,154.364409
DJI_20211224092724_0284.JPG,717189.661051,1606087.298651,154.378604
DJI_20211224092725_0285.JPG,717180.487271,1606104.820572,154.395540
DJI_20211224092727_0286.JPG,717170.803357,1606123.321667,154.391572
DJI_20211224092728_0287.JPG,717161.175986,1606141.722727,154.355357
DJI_20211224092729_0288.JPG,717152.127149,1606159.041700,154.373043
DJI_20211224092731_0289.JPG,717142.417455,1606177.599185,154.383625
DJI_20211224092732_0290.JPG,717132.657770,1606196.121637,154.361059
DJI_20211224092734_0291.JPG,717123.445809,1606213.574055,154.350131
DJI_20211224092735_0292.JPG,717113.767364,1606232.157467,154.369615
DJI_20211224092737_0293.JPG,717104.187553,1606250.519504,154.352737
DJI_20211224092738_0294.JPG,717094.348693,1606269.316708,154.366324
DJI_20211224092740_0295.JPG,717085.427973,1606286.406193,154.344722
DJI_20211224092741_0296.JPG,717075.475374,1606305.446014,154.338316
DJI_20211224092818_0315.JPG,717130.963002,1606332.159594,154.465451
DJI_20211224092820_0316.JPG,717140.673626,1606313.770737,154.452059
DJI_20211224092821_0317.JPG,717149.880669,1606296.107917,154.402236
DJI_20211224092822_0318.JPG,717159.563585,1606277.484831,154.408411
DJI_20211224092824_0319.JPG,717169.521396,1606258.657999,154.397660
DJI_20211224092825_0320.JPG,717178.297404,1606241.878065,154.367734
DJI_20211224092827_0321.JPG,717188.020084,1606223.385692,154.380859
DJI_20211224092828_0322.JPG,717198.021178,1606204.485301,154.375474
DJI_20211224092830_0323.JPG,717207.008990,1606187.405776,154.385485
DJI_20211224092831_0324.JPG,717216.684075,1606168.885549,154.393201
DJI_20211224092833_0325.JPG,717226.445382,1606150.119543,154.383289
DJI_20211224092834_0326.JPG,717236.131101,1606131.663905,154.330787
DJI_20211224092836_0327.JPG,717245.195695,1606114.319198,154.369135
DJI_20211224092837_0328.JPG,717254.845304,1606095.948611,154.372616
DJI_20211224092839_0329.JPG,717264.519764,1606077.492503,154.358470
DJI_20211224092840_0330.JPG,717274.320089,1606058.734718,154.380199
DJI_20211224092842_0331.JPG,717283.236251,1606041.685295,154.374648
DJI_20211224092843_0332.JPG,717292.975439,1606023.171625,154.398823
DJI_20211224092845_0333.JPG,717302.681851,1606004.682188,154.387019
DJI_20211224092846_0334.JPG,717312.332856,1605986.183011,154.379740
DJI_20211224092847_0335.JPG,717321.399987,1605968.819073,154.416298
DJI_20211224092849_0336.JPG,717331.105883,1605950.264464,154.404342
DJI_20211224092851_0337.JPG,717340.849134,1605931.681155,154.425747
DJI_20211224092852_0338.JPG,717350.614678,1605913.079428,154.408858
DJI_20211224092853_0339.JPG,717359.573653,1605896.019001,154.410875
DJI_20211224092855_0340.JPG,717369.224747,1605877.509529,154.401974
DJI_20211224092856_0341.JPG,717378.986766,1605858.805139,154.382161
DJI_20211224092858_0342.JPG,717388.115242,1605841.425833,154.420121
DJI_20211224092859_0343.JPG,717397.712786,1605823.085961,154.405446
DJI_20211224092901_0344.JPG,717407.483930,1605804.408954,154.354234
DJI_20211224092902_0345.JPG,717417.105118,1605786.049357,154.387878
DJI_20211224092904_0346.JPG,717426.319049,1605768.575541,154.366691
DJI_20211224092905_0347.JPG,717435.946147,1605750.303723,154.343153
DJI_20211224092907_0348.JPG,717445.784549,1605731.606066,154.354122
DJI_20211224092908_0349.JPG,717454.789587,1605714.371806,154.380500
DJI_20211224092910_0350.JPG,717464.533867,1605695.812657,154.365023
DJI_20211224092911_0351.JPG,717474.289773,1605677.134896,154.398981
DJI_20211224092913_0352.JPG,717483.288918,1605659.814845,154.409892
DJI_20211224092914_0353.JPG,717492.972779,1605641.297104,154.387963
DJI_20211224092916_0354.JPG,717502.675654,1605622.784181,154.411894
DJI_20211224092917_0355.JPG,717512.338300,1605604.303839,154.354134
DJI_20211224092918_0356.JPG,717521.378260,1605587.000011,154.330594
DJI_20211224092920_0357.JPG,717531.020709,1605568.682429,154.342496
DJI_20211224092921_0358.JPG,717540.809981,1605550.129452,154.359898
DJI_20211224093004_0381.JPG,717593.169788,1605583.138518,154.364036
DJI_20211224093006_0382.JPG,717583.833215,1605601.029984,154.399589
DJI_20211224093007_0383.JPG,717574.776690,1605618.314579,154.391269
DJI_20211224093009_0384.JPG,717564.961513,1605637.002752,154.362011
DJI_20211224093010_0385.JPG,717555.321655,1605655.337347,154.348607
DJI_20211224093012_0386.JPG,717545.892136,1605673.317152,154.380090
DJI_20211224093013_0387.JPG,717536.519482,1605691.278333,154.383772
DJI_20211224093015_0388.JPG,717526.531885,1605710.419950,154.383927
DJI_20211224093016_0389.JPG,717516.910386,1605728.899087,154.392048
DJI_20211224093017_0390.JPG,717508.110053,1605745.661229,154.367208
DJI_20211224093019_0391.JPG,717498.404866,1605764.130866,154.371394
DJI_20211224093020_0392.JPG,717488.247395,1605783.584235,154.385699
DJI_20211224093022_0393.JPG,717479.450962,1605800.259212,154.378661
DJI_20211224093023_0394.JPG,717469.492193,1605819.271367,154.375064
DJI_20211224093025_0395.JPG,717459.619496,1605838.106974,154.382174
DJI_20211224093026_0396.JPG,717450.911902,1605854.738858,154.367351
DJI_20211224093028_0397.JPG,717440.969087,1605873.768892,154.350617
DJI_20211224093029_0398.JPG,717431.569651,1605891.660049,154.388535
DJI_20211224093031_0399.JPG,717421.868614,1605910.196449,154.399363
DJI_20211224093032_0400.JPG,717412.608284,1605928.028894,154.395392
DJI_20211224093034_0401.JPG,717402.876935,1605946.588058,154.369245
DJI_20211224093035_0402.JPG,717393.202704,1605964.936508,154.353881
DJI_20211224093037_0403.JPG,717384.039085,1605982.424947,154.358412
DJI_20211224093038_0404.JPG,717374.334419,1606000.978429,154.373733
DJI_20211224093040_0405.JPG,717364.610168,1606019.543527,154.380579
DJI_20211224093041_0406.JPG,717354.838869,1606038.271394,154.359510
DJI_20211224093043_0407.JPG,717345.861403,1606055.414598,154.361534
DJI_20211224093044_0408.JPG,717336.282512,1606073.682497,154.344261
DJI_20211224093046_0409.JPG,717326.471203,1606092.396700,154.343124
DJI_20211224093047_0410.JPG,717316.589320,1606111.245021,154.366295
DJI_20211224093048_0411.JPG,717307.727391,1606128.094011,154.373766
DJI_20211224093050_0412.JPG,717298.128295,1606146.366330,154.369345
DJI_20211224093051_0413.JPG,717288.302892,1606165.116604,154.367606
DJI_20211224093053_0414.JPG,717279.070133,1606182.745912,154.367134
DJI_20211224093054_0415.JPG,717269.594583,1606200.805857,154.366287
DJI_20211224093056_0416.JPG,717259.635036,1606219.857023,154.360835
DJI_20211224093057_0417.JPG,717250.531626,1606237.256971,154.338167
DJI_20211224093059_0418.JPG,717240.637531,1606256.138771,154.380291
DJI_20211224093100_0419.JPG,717231.250764,1606274.180614,154.458232
DJI_20211224093102_0420.JPG,717222.213470,1606291.484226,154.446642
DJI_20211224093103_0421.JPG,717212.356596,1606310.205324,154.418397
DJI_20211224093105_0422.JPG,717202.702149,1606328.597338,154.399043
DJI_20211224093106_0423.JPG,717193.239972,1606346.700852,154.416556
DJI_20211224093108_0424.JPG,717183.531075,1606365.099438,154.348345
DJI_20211224093144_0443.JPG,717238.520769,1606392.841510,154.403641
DJI_20211224093146_0444.JPG,717247.948557,1606374.919362,154.417705
DJI_20211224093147_0445.JPG,717257.961681,1606355.824366,154.361521
DJI_20211224093149_0446.JPG,717266.757450,1606339.180884,154.403511
DJI_20211224093150_0447.JPG,717276.486591,1606320.694070,154.367037
DJI_20211224093152_0448.JPG,717286.157239,1606302.236524,154.370165
DJI_20211224093153_0449.JPG,717295.817576,1606283.679709,154.394881
DJI_20211224093155_0450.JPG,717305.100474,1606265.933277,154.381882
DJI_20211224093156_0451.JPG,717314.713333,1606247.510316,154.376109
DJI_20211224093158_0452.JPG,717324.162129,1606229.418519,154.369575
DJI_20211224093159_0453.JPG,717333.893442,1606210.911213,154.345050
DJI_20211224093201_0454.JPG,717343.774800,1606192.059800,154.366855
DJI_20211224093202_0455.JPG,717352.693408,1606175.115858,154.384265
DJI_20211224093204_0456.JPG,717362.378154,1606156.686221,154.363614
DJI_20211224093205_0457.JPG,717372.108796,1606138.234425,154.384424
DJI_20211224093207_0458.JPG,717381.796794,1606119.777932,154.399472
DJI_20211224093208_0459.JPG,717391.273767,1606101.643458,154.398773
DJI_20211224093210_0460.JPG,717400.740775,1606083.573569,154.358673
DJI_20211224093211_0461.JPG,717410.392405,1606065.085782,154.375190
DJI_20211224093212_0462.JPG,717419.352122,1606047.912050,154.420816
DJI_20211224093214_0463.JPG,717429.256810,1606028.906077,154.410333
DJI_20211224093215_0464.JPG,717438.716373,1606010.722379,154.417262
DJI_20211224093217_0465.JPG,717448.333803,1605992.356433,154.423244
DJI_20211224093218_0466.JPG,717457.455538,1605974.970069,154.442764
DJI_20211224093220_0467.JPG,717467.488497,1605955.906928,154.423139
DJI_20211224093221_0468.JPG,717477.107463,1605937.572359,154.388674
DJI_20211224093223_0469.JPG,717486.280266,1605920.042516,154.393178
DJI_20211224093224_0470.JPG,717495.846162,1605901.783590,154.416729
DJI_20211224093226_0471.JPG,717505.909977,1605882.552182,154.410451
DJI_20211224093227_0472.JPG,717515.403485,1605864.332233,154.456590
DJI_20211224093229_0473.JPG,717524.360828,1605847.355048,154.391762
DJI_20211224093230_0474.JPG,717534.377284,1605828.296470,154.423608
DJI_20211224093232_0475.JPG,717543.809420,1605810.360649,154.408717
DJI_20211224093233_0476.JPG,717553.503929,1605791.867067,154.353395
DJI_20211224093235_0477.JPG,717562.635954,1605774.403041,154.381772
DJI_20211224093236_0478.JPG,717572.618303,1605755.441798,154.378532
DJI_20211224093238_0479.JPG,717582.010627,1605737.475987,154.421584
DJI_20211224093239_0480.JPG,717591.097000,1605720.162040,154.404406
DJI_20211224093240_0481.JPG,717600.723618,1605701.834917,154.399921
DJI_20211224093242_0482.JPG,717610.503757,1605683.134495,154.355849
DJI_20211224093243_0483.JPG,717620.090599,1605664.781790,154.370518
DJI_20211224093245_0484.JPG,717629.333399,1605647.066911,154.381693
DJI_20211224093246_0485.JPG,717638.919584,1605628.691632,154.369433
DJI_20211224093248_0486.JPG,717648.618376,1605610.117703,154.362919
DJI_20211224093329_0508.JPG,717710.813756,1605624.665268,154.329491
DJI_20211224093331_0509.JPG,717702.104069,1605641.291207,154.329252
DJI_20211224093332_0510.JPG,717692.055283,1605660.557835,154.335933
DJI_20211224093334_0511.JPG,717682.548385,1605678.630254,154.309836
DJI_20211224093335_0512.JPG,717673.510496,1605695.812466,154.308345
DJI_20211224093337_0513.JPG,717663.830063,1605714.249939,154.310469
DJI_20211224093338_0514.JPG,717653.961961,1605733.174188,154.349352
DJI_20211224093340_0515.JPG,717644.215129,1605751.830047,154.342508
DJI_20211224093341_0516.JPG,717634.542120,1605770.271429,154.402088
DJI_20211224093343_0517.JPG,717625.392106,1605787.726556,154.375025
DJI_20211224093344_0518.JPG,717615.990543,1605805.625629,154.346104
DJI_20211224093346_0519.JPG,717606.005017,1605824.644376,154.321667
DJI_20211224093347_0520.JPG,717596.646786,1605842.618314,154.337480
DJI_20211224093348_0521.JPG,717587.491462,1605860.130001,154.339448
DJI_20211224093350_0522.JPG,717577.532883,1605879.139555,154.356221
DJI_20211224093351_0523.JPG,717568.144635,1605897.072280,154.382377
DJI_20211224093353_0524.JPG,717558.957865,1605914.633605,154.344551
DJI_20211224093354_0525.JPG,717549.180643,1605933.275832,154.334950
DJI_20211224093356_0526.JPG,717539.323349,1605952.017168,154.297310
DJI_20211224093357_0527.JPG,717529.871919,1605969.946263,154.320934
DJI_20211224093359_0528.JPG,717520.344085,1605988.136189,154.337284
DJI_20211224093400_0529.JPG,717510.997722,1606006.019418,154.357034
DJI_20211224093402_0530.JPG,717501.312173,1606024.503259,154.317506
DJI_20211224093403_0531.JPG,717491.564051,1606043.063144,154.344833
DJI_20211224093405_0532.JPG,717482.523156,1606060.342811,154.364536
DJI_20211224093406_0533.JPG,717472.825836,1606078.896849,154.426519
DJI_20211224093408_0534.JPG,717463.134892,1606097.476437,154.428219
DJI_20211224093409_0535.JPG,717453.555365,1606115.743997,154.397808
DJI_20211224093411_0536.JPG,717443.765303,1606134.382670,154.372373
DJI_20211224093412_0537.JPG,717434.486088,1606152.041509,154.393489
DJI_20211224093414_0538.JPG,717424.722111,1606170.713391,154.397029
DJI_20211224093415_0539.JPG,717415.349643,1606188.650229,154.395842
DJI_20211224093417_0540.JPG,717405.652606,1606207.190627,154.373256
DJI_20211224093418_0541.JPG,717396.098177,1606225.409580,154.354547
DJI_20211224093419_0542.JPG,717386.625559,1606243.516032,154.358309
DJI_20211224093421_0543.JPG,717377.515366,1606260.900222,154.383032
DJI_20211224093422_0544.JPG,717367.674925,1606279.703032,154.363553
DJI_20211224093424_0545.JPG,717358.085203,1606298.011525,154.358680
DJI_20211224093425_0546.JPG,717348.395253,1606316.512440,154.391465
DJI_20211224093427_0547.JPG,717338.763007,1606335.025936,154.388861
DJI_20211224093428_0548.JPG,717329.712969,1606352.300242,154.373818
DJI_20211224093430_0549.JPG,717320.000554,1606370.784406,154.375018
DJI_20211224093431_0550.JPG,717310.389936,1606389.061940,154.356937
DJI_20211224093433_0551.JPG,717300.300184,1606408.292877,154.366070
DJI_20211224093434_0552.JPG,717291.610875,1606425.000338,154.412359
DJI_20211224093511_0571.JPG,717345.416043,1606454.673506,154.396548
DJI_20211224093513_0572.JPG,717355.002227,1606436.332463,154.396740
DJI_20211224093514_0573.JPG,717364.689423,1606417.885210,154.397450
DJI_20211224093516_0574.JPG,717373.731659,1606400.632072,154.391594
DJI_20211224093517_0575.JPG,717383.466155,1606382.172478,154.366094
DJI_20211224093519_0576.JPG,717393.170513,1606363.682885,154.381729
DJI_20211224093520_0577.JPG,717402.868522,1606345.201863,154.359200
DJI_20211224093522_0578.JPG,717412.545929,1606326.753814,154.359606
DJI_20211224093523_0579.JPG,717421.602522,1606309.492176,154.387494
DJI_20211224093524_0580.JPG,717431.201576,1606291.203731,154.374775
DJI_20211224093526_0581.JPG,717440.929340,1606272.664186,154.373995
DJI_20211224093527_0582.JPG,717450.248426,1606254.876098,154.399126
DJI_20211224093529_0583.JPG,717460.077790,1606236.139437,154.424015
DJI_20211224093530_0584.JPG,717469.543695,1606218.053016,154.421031
DJI_20211224093532_0585.JPG,717479.519373,1606199.043717,154.436383
DJI_20211224093533_0586.JPG,717488.491578,1606181.859110,154.430830
DJI_20211224093535_0587.JPG,717498.236624,1606163.291463,154.444406
DJI_20211224093536_0588.JPG,717508.017849,1606144.726152,154.435556
DJI_20211224093538_0589.JPG,717517.361866,1606126.893491,154.427914
DJI_20211224093539_0590.JPG,717527.017563,1606108.365294,154.433678
DJI_20211224093541_0591.JPG,717536.433662,1606090.202699,154.395788
DJI_20211224093542_0592.JPG,717545.891067,1606072.080503,154.387964
DJI_20211224093544_0593.JPG,717555.383139,1606054.102532,154.360807
DJI_20211224093545_0594.JPG,717564.999941,1606035.800674,154.381406
DJI_20211224093547_0595.JPG,717574.799829,1606017.277794,154.387944
DJI_20211224093548_0596.JPG,717584.012787,1605999.702380,154.414569
DJI_20211224093550_0597.JPG,717593.574530,1605981.413534,154.381884
DJI_20211224093551_0598.JPG,717603.276928,1605962.941795,154.371779
DJI_20211224093553_0599.JPG,717612.992751,1605944.355111,154.362298
DJI_20211224093554_0600.JPG,717621.952230,1605927.208202,154.330201
DJI_20211224093555_0601.JPG,717631.813230,1605908.402022,154.337300
DJI_20211224093557_0602.JPG,717641.415622,1605890.085407,154.324188
DJI_20211224093558_0603.JPG,717650.575214,1605872.558147,154.344450
DJI_20211224093600_0604.JPG,717660.277567,1605853.981946,154.366966
DJI_20211224093601_0605.JPG,717669.956017,1605835.396955,154.367115
DJI_20211224093603_0606.JPG,717679.734406,1605816.762487,154.348768
DJI_20211224093604_0607.JPG,717688.778046,1605799.544974,154.331301
DJI_20211224093606_0608.JPG,717698.386941,1605781.246517,154.333509
DJI_20211224093607_0609.JPG,717708.120477,1605762.712383,154.341065
DJI_20211224093609_0610.JPG,717717.806298,1605744.178352,154.373179
DJI_20211224093610_0611.JPG,717727.129120,1605726.431123,154.377444
DJI_20211224093612_0612.JPG,717736.723309,1605708.103559,154.383965
DJI_20211224093613_0613.JPG,717746.401393,1605689.645748,154.372937
DJI_20211224093615_0614.JPG,717755.766537,1605671.773864,154.358759
DJI_20211224093616_0615.JPG,717765.607055,1605653.063563,154.372307
DJI_20211224093656_0636.JPG,717819.823910,1605682.724921,154.363564
DJI_20211224093658_0637.JPG,717810.154823,1605701.276577,154.367247
DJI_20211224093659_0638.JPG,717800.389084,1605719.904370,154.365493
DJI_20211224093701_0639.JPG,717790.804576,1605738.173880,154.369631
DJI_20211224093702_0640.JPG,717781.056661,1605756.769223,154.366096
DJI_20211224093703_0641.JPG,717772.021113,1605774.040041,154.358944
DJI_20211224093705_0642.JPG,717762.307772,1605792.429807,154.326808
DJI_20211224093706_0643.JPG,717752.577362,1605810.875656,154.321804
DJI_20211224093708_0644.JPG,717742.858723,1605829.496859,154.318099
DJI_20211224093709_0645.JPG,717733.746828,1605847.022023,154.307045
DJI_20211224093711_0646.JPG,717724.078827,1605865.499116,154.308185
DJI_20211224093712_0647.JPG,717714.335335,1605883.994257,154.321994
DJI_20211224093714_0648.JPG,717705.286359,1605901.240897,154.326960
DJI_20211224093715_0649.JPG,717695.474780,1605919.958268,154.337473
DJI_20211224093717_0650.JPG,717685.866771,1605938.375342,154.372392
DJI_20211224093718_0651.JPG,717676.018008,1605957.152931,154.359108
DJI_20211224093720_0652.JPG,717666.833960,1605974.749019,154.353049
DJI_20211224093721_0653.JPG,717657.470814,1605992.663997,154.342916
DJI_20211224093723_0654.JPG,717647.648908,1606011.444928,154.362276
DJI_20211224094225_0001.JPG,717641.249955,1606023.404457,154.435606
DJI_20211224094229_0002.JPG,717630.179596,1606044.617669,154.319701
DJI_20211224094231_0003.JPG,717620.160725,1606063.732279,154.277511
DJI_20211224094232_0004.JPG,717610.271868,1606082.561017,154.410066
DJI_20211224094233_0005.JPG,717601.510503,1606099.341500,154.402346
DJI_20211224094235_0006.JPG,717591.774205,1606118.042493,154.397490
DJI_20211224094236_0007.JPG,717582.078396,1606136.600125,154.383710
DJI_20211224094238_0008.JPG,717573.015743,1606153.895914,154.397939
DJI_20211224094239_0009.JPG,717563.417644,1606172.166239,154.393216
DJI_20211224094241_0010.JPG,717553.690312,1606190.604067,154.383315
DJI_20211224094242_0011.JPG,717543.966378,1606209.072249,154.419280
DJI_20211224094244_0012.JPG,717533.969072,1606228.146066,154.481069
DJI_20211224094245_0013.JPG,717525.207774,1606245.088125,154.433194
DJI_20211224094247_0014.JPG,717515.644213,1606263.540660,154.378497
DJI_20211224094248_0015.JPG,717505.973151,1606281.990461,154.373413
DJI_20211224094250_0016.JPG,717496.139778,1606300.677950,154.381436
DJI_20211224094251_0017.JPG,717486.949079,1606318.104054,154.379418
DJI_20211224094253_0018.JPG,717477.397660,1606336.466323,154.376836
DJI_20211224094254_0019.JPG,717467.478645,1606355.463111,154.363842
DJI_20211224094256_0020.JPG,717457.980439,1606373.519477,154.360294
DJI_20211224094257_0021.JPG,717448.359060,1606391.769098,154.355098
DJI_20211224094258_0022.JPG,717439.162485,1606409.254329,154.386748
DJI_20211224094300_0023.JPG,717429.439794,1606427.797904,154.398958
DJI_20211224094301_0024.JPG,717419.757161,1606446.325312,154.396951
DJI_20211224094303_0025.JPG,717410.396710,1606464.193368,154.390376
DJI_20211224094304_0026.JPG,717400.973845,1606482.120197,154.391675
DJI_20211224094342_0045.JPG,717452.729272,1606516.123158,154.383277
DJI_20211224094343_0046.JPG,717462.117920,1606498.025856,154.388360
DJI_20211224094345_0047.JPG,717471.703710,1606479.650941,154.392832
DJI_20211224094346_0048.JPG,717481.796826,1606460.341454,154.424121
DJI_20211224094348_0049.JPG,717490.535562,1606443.739663,154.408898
DJI_20211224094349_0050.JPG,717500.117792,1606425.443321,154.422703
DJI_20211224094351_0051.JPG,717510.081812,1606406.608076,154.438639
DJI_20211224094352_0052.JPG,717519.780991,1606388.285630,154.410325
DJI_20211224094353_0053.JPG,717528.886397,1606371.013242,154.390522
DJI_20211224094355_0054.JPG,717538.718278,1606352.360998,154.383441
DJI_20211224094356_0055.JPG,717548.571735,1606333.457727,154.382847
DJI_20211224094358_0056.JPG,717557.355469,1606316.522267,154.391385
DJI_20211224094359_0057.JPG,717567.078083,1606298.090826,154.384901
DJI_20211224094401_0058.JPG,717576.708321,1606279.791677,154.327921
DJI_20211224094402_0059.JPG,717586.387546,1606261.109366,154.329292
DJI_20211224094404_0060.JPG,717595.455418,1606243.816850,154.402149
DJI_20211224094405_0061.JPG,717605.203897,1606225.226572,154.420490
DJI_20211224094407_0062.JPG,717614.849716,1606206.775890,154.437250
DJI_20211224094408_0063.JPG,717623.857822,1606189.433497,154.451570
DJI_20211224094410_0064.JPG,717633.578311,1606170.835822,154.421093
DJI_20211224094411_0065.JPG,717643.423003,1606152.048965,154.412624
DJI_20211224094413_0066.JPG,717652.807827,1606134.132675,154.415972
DJI_20211224094414_0067.JPG,717662.458231,1606115.645833,154.440338
DJI_20211224094416_0068.JPG,717671.600142,1606098.180427,154.411058
DJI_20211224094417_0069.JPG,717681.356530,1606079.660037,154.379782
DJI_20211224094419_0070.JPG,717691.192366,1606061.106855,154.375150
DJI_20211224094420_0071.JPG,717700.289709,1606043.726574,154.380790
DJI_20211224094421_0072.JPG,717710.010333,1606025.081669,154.351938
DJI_20211224094423_0073.JPG,717719.624008,1606006.543268,154.274706
DJI_20211224094424_0074.JPG,717729.344324,1605988.130505,154.279533
DJI_20211224094426_0075.JPG,717738.495469,1605970.774636,154.301913
DJI_20211224094427_0076.JPG,717748.262801,1605952.223011,154.350877
DJI_20211224094429_0077.JPG,717757.967345,1605933.768573,154.343894
DJI_20211224094430_0078.JPG,717766.921575,1605916.671283,154.416789
DJI_20211224094432_0079.JPG,717776.725539,1605897.882093,154.401466
DJI_20211224094433_0080.JPG,717786.455727,1605879.261504,154.406810
DJI_20211224094435_0081.JPG,717796.047142,1605860.885310,154.428520
DJI_20211224094436_0082.JPG,717805.022211,1605843.554452,154.412364
DJI_20211224094438_0083.JPG,717814.634950,1605825.111535,154.382486
DJI_20211224094439_0084.JPG,717824.868870,1605806.027398,154.284450
DJI_20211224094441_0085.JPG,717833.623904,1605789.317836,154.347379
DJI_20211224094442_0086.JPG,717843.323935,1605770.688131,154.354175
DJI_20211224094444_0087.JPG,717853.084324,1605752.150956,154.351225
DJI_20211224094445_0088.JPG,717862.840054,1605733.460612,154.358679
DJI_20211224094446_0089.JPG,717871.818727,1605716.307962,154.365172
DJI_20211224094527_0110.JPG,717927.435522,1605743.146645,154.340077
DJI_20211224094528_0111.JPG,717918.473656,1605760.423341,154.364388
DJI_20211224094530_0112.JPG,717908.649879,1605779.181936,154.349096
DJI_20211224094531_0113.JPG,717898.869442,1605797.826714,154.338404
DJI_20211224094533_0114.JPG,717889.065565,1605816.516123,154.312626
DJI_20211224094534_0115.JPG,717879.955418,1605833.954151,154.307141
DJI_20211224094536_0116.JPG,717870.328847,1605852.264349,154.321907
DJI_20211224094537_0117.JPG,717860.858211,1605870.181973,154.357911
DJI_20211224094539_0118.JPG,717850.711509,1605889.579917,154.406154
DJI_20211224094540_0119.JPG,717841.787340,1605906.565498,154.396566
DJI_20211224094542_0120.JPG,717832.273298,1605924.652082,154.414765
DJI_20211224094543_0121.JPG,717822.295567,1605943.809992,154.434372
DJI_20211224094545_0122.JPG,717812.956210,1605961.748337,154.392816
DJI_20211224094546_0123.JPG,717803.651063,1605979.600519,154.364693
DJI_20211224094547_0124.JPG,717794.299302,1605997.550478,154.319707
DJI_20211224094549_0125.JPG,717784.620442,1606016.052232,154.308732
DJI_20211224094550_0126.JPG,717774.897799,1606034.552759,154.290066
DJI_20211224094552_0127.JPG,717764.955470,1606053.340536,154.278076
DJI_20211224094553_0128.JPG,717756.048397,1606070.240061,154.307671
DJI_20211224094555_0129.JPG,717746.450791,1606088.607674,154.341242
DJI_20211224094556_0130.JPG,717736.519371,1606107.514451,154.351904
DJI_20211224094558_0131.JPG,717727.472286,1606124.764973,154.345530
DJI_20211224094559_0132.JPG,717717.796012,1606143.329039,154.318881
DJI_20211224094601_0133.JPG,717708.094851,1606161.854237,154.332682
DJI_20211224094602_0134.JPG,717698.405227,1606180.341260,154.344189
DJI_20211224094604_0135.JPG,717689.083769,1606198.104710,154.367990
DJI_20211224094605_0136.JPG,717679.603819,1606216.234224,154.353552
DJI_20211224094607_0137.JPG,717669.755382,1606235.174260,154.343870
DJI_20211224094608_0138.JPG,717660.813623,1606252.358775,154.320762
DJI_20211224094610_0139.JPG,717651.320253,1606270.355224,154.322726
DJI_20211224094611_0140.JPG,717641.658543,1606288.849225,154.348376
DJI_20211224094613_0141.JPG,717631.691882,1606307.958729,154.404027
DJI_20211224094614_0142.JPG,717622.027900,1606326.381157,154.391249
DJI_20211224094615_0143.JPG,717612.859503,1606343.817000,154.409008
DJI_20211224094617_0144.JPG,717603.311081,1606362.137385,154.365269
DJI_20211224094618_0145.JPG,717594.412621,1606379.288953,154.365639
DJI_20211224094620_0146.JPG,717584.710045,1606397.759932,154.332920
DJI_20211224094621_0147.JPG,717575.011058,1606416.152958,154.312648
DJI_20211224094623_0148.JPG,717565.312288,1606434.665539,154.329768
DJI_20211224094624_0149.JPG,717555.616835,1606453.187768,154.376974
DJI_20211224094626_0150.JPG,717546.235308,1606471.018427,154.382694
DJI_20211224094627_0151.JPG,717536.555612,1606489.430600,154.362842
DJI_20211224094629_0152.JPG,717526.821644,1606508.026420,154.386003
DJI_20211224094630_0153.JPG,717518.029926,1606524.940687,154.437514
DJI_20211224094632_0154.JPG,717508.102399,1606543.872879,154.445065
DJI_20211224094709_0173.JPG,717559.954208,1606577.377606,154.391503
DJI_20211224094710_0174.JPG,717569.410943,1606559.319029,154.373355
DJI_20211224094712_0175.JPG,717579.018217,1606541.086449,154.392302
DJI_20211224094713_0176.JPG,717588.753518,1606522.538678,154.416476
DJI_20211224094715_0177.JPG,717598.563468,1606503.819205,154.411823
DJI_20211224094716_0178.JPG,717607.532397,1606486.738515,154.433145
DJI_20211224094718_0179.JPG,717617.324616,1606468.139560,154.442312
DJI_20211224094719_0180.JPG,717627.330631,1606449.102662,154.449578
DJI_20211224094721_0181.JPG,717635.998842,1606432.539739,154.388868
DJI_20211224094722_0182.JPG,717646.028455,1606413.336766,154.389107
DJI_20211224094724_0183.JPG,717655.407018,1606395.442181,154.385596
DJI_20211224094725_0184.JPG,717665.378936,1606376.388522,154.361697
DJI_20211224094727_0185.JPG,717674.201568,1606359.534561,154.324112
DJI_20211224094728_0186.JPG,717683.803491,1606341.230402,154.318114
DJI_20211224094730_0187.JPG,717693.835255,1606322.009033,154.313436
DJI_20211224094731_0188.JPG,717703.119562,1606304.168129,154.315282
DJI_20211224094733_0189.JPG,717712.288528,1606286.660361,154.349042
DJI_20211224094734_0190.JPG,717721.889180,1606268.257231,154.343129
DJI_20211224094736_0191.JPG,717731.810417,1606249.198136,154.367034
DJI_20211224094737_0192.JPG,717741.318686,1606231.083325,154.320960
DJI_20211224094738_0193.JPG,717750.702588,1606213.186392,154.316423
DJI_20211224094740_0194.JPG,717760.143458,1606195.225021,154.346862
DJI_20211224094741_0195.JPG,717769.779543,1606176.845217,154.319538
DJI_20211224094743_0196.JPG,717779.183322,1606159.023360,154.208802
DJI_20211224094744_0197.JPG,717788.655355,1606140.970716,154.244663
DJI_20211224094746_0198.JPG,717798.266532,1606122.584665,154.320331
DJI_20211224094747_0199.JPG,717808.270662,1606103.376205,154.338540
DJI_20211224094749_0200.JPG,717817.168594,1606086.510593,154.331219
DJI_20211224094750_0201.JPG,717826.780917,1606068.198192,154.320984
DJI_20211224094752_0202.JPG,717836.777506,1606049.111439,154.348146
DJI_20211224094753_0203.JPG,717845.635566,1606032.237791,154.401316
DJI_20211224094755_0204.JPG,717855.433995,1606013.478463,154.402217
DJI_20211224094756_0205.JPG,717864.935648,1605995.407385,154.382485
DJI_20211224094758_0206.JPG,717874.610940,1605976.886683,154.386058
DJI_20211224094759_0207.JPG,717884.574917,1605957.915516,154.386527
DJI_20211224094801_0208.JPG,717893.344858,1605941.227144,154.370388
DJI_20211224094802_0209.JPG,717903.087911,1605922.599141,154.412470
DJI_20211224094804_0210.JPG,717912.995210,1605903.686753,154.363184
DJI_20211224094805_0211.JPG,717922.413533,1605885.724123,154.344498
DJI_20211224094807_0212.JPG,717932.006369,1605867.457379,154.394014
DJI_20211224094808_0213.JPG,717941.758729,1605848.821110,154.394720
DJI_20211224094809_0214.JPG,717950.645689,1605831.889457,154.377991
DJI_20211224094811_0215.JPG,717960.267833,1605813.593304,154.373447
DJI_20211224094812_0216.JPG,717970.501867,1605794.068378,154.387874
DJI_20211224094814_0217.JPG,717979.710329,1605776.452961,154.389414
DJI_20211224094854_0238.JPG,718035.899483,1605802.117668,154.349436
DJI_20211224094856_0239.JPG,718026.346662,1605820.399352,154.358454
DJI_20211224094857_0240.JPG,718016.320591,1605839.515038,154.351073
DJI_20211224094859_0241.JPG,718007.519311,1605856.347921,154.328337
DJI_20211224094900_0242.JPG,717997.728896,1605875.151026,154.307305
DJI_20211224094902_0243.JPG,717988.192253,1605893.370518,154.299243
DJI_20211224094903_0244.JPG,717978.593336,1605911.683651,154.359134
DJI_20211224094905_0245.JPG,717969.533948,1605928.956485,154.392952
DJI_20211224094906_0246.JPG,717959.694252,1605947.642971,154.384024
DJI_20211224094908_0247.JPG,717949.928695,1605966.218198,154.358708
DJI_20211224094909_0248.JPG,717940.907556,1605983.532142,154.338130
DJI_20211224094910_0249.JPG,717931.234721,1606002.002203,154.365330
DJI_20211224094912_0250.JPG,717921.580887,1606020.404753,154.360668
DJI_20211224094913_0251.JPG,717911.950498,1606038.889813,154.345127
DJI_20211224094915_0252.JPG,717902.886187,1606056.201591,154.376089
DJI_20211224094916_0253.JPG,717893.083802,1606074.837582,154.369993
DJI_20211224094918_0254.JPG,717883.326938,1606093.419860,154.320442
DJI_20211224094919_0255.JPG,717873.588347,1606111.987196,154.333213
DJI_20211224094921_0256.JPG,717864.503003,1606129.291192,154.340379
DJI_20211224094922_0257.JPG,717854.800959,1606147.890171,154.374648
DJI_20211224094924_0258.JPG,717845.358106,1606165.838032,154.379597
DJI_20211224094925_0259.JPG,717835.770571,1606184.034431,154.362094
DJI_20211224094927_0260.JPG,717826.308647,1606202.122293,154.365502
DJI_20211224094928_0261.JPG,717816.592579,1606220.643414,154.338343
DJI_20211224094930_0262.JPG,717806.757274,1606239.304966,154.393547
DJI_20211224094931_0263.JPG,717797.722677,1606256.613758,154.403289
DJI_20211224094933_0264.JPG,717788.095875,1606275.294292,154.422542
DJI_20211224094934_0265.JPG,717778.476071,1606293.787260,154.403489
DJI_20211224094936_0266.JPG,717769.176168,1606311.531831,154.415391
DJI_20211224094937_0267.JPG,717759.493294,1606329.844395,154.383816
DJI_20211224094938_0268.JPG,717749.980477,1606348.018425,154.362581
DJI_20211224094940_0269.JPG,717740.303279,1606366.527825,154.360034
DJI_20211224094941_0270.JPG,717731.228526,1606383.810451,154.356472
DJI_20211224094943_0271.JPG,717721.587187,1606402.400538,154.394044
DJI_20211224094944_0272.JPG,717711.943899,1606420.924389,154.360571
DJI_20211224094946_0273.JPG,717702.004958,1606439.845055,154.331776
DJI_20211224094947_0274.JPG,717692.628852,1606457.775683,154.320908
DJI_20211224094949_0275.JPG,717683.620851,1606475.028885,154.322075
DJI_20211224094950_0276.JPG,717673.830059,1606493.557632,154.342577
DJI_20211224094952_0277.JPG,717664.043766,1606512.112730,154.347856
DJI_20211224094953_0278.JPG,717654.884528,1606529.456140,154.356659
DJI_20211224094955_0279.JPG,717644.966615,1606548.409177,154.369336
DJI_20211224094956_0280.JPG,717635.247336,1606567.024193,154.384107
DJI_20211224094958_0281.JPG,717626.119541,1606584.383231,154.345252
DJI_20211224094959_0282.JPG,717616.426084,1606602.886498,154.387801
