717418.55299999995622783899  1605528.37700000009499490261  1.15100000000000002309
717552.56299999996554106474  1605620.32599999988451600075  2.30699999999999993960
717697.04299999994691461325  1605683.49500000011175870895  1.48999999999999999112
717830.91700000001583248377  1605768.15999999991618096828  3.43800000000000016698
717960.24600000004284083843  1605863.97399999992921948433  4.09299999999999997158
717365.07299999997485429049  1605655.49099999992176890373  0.88300000000000000711
717476.27599999995436519384  1605722.97600000002421438694  2.76200000000000001066
717599.83100000000558793545  1605811.71299999998882412910  3.64599999999999990763
717757.88600000005681067705  1605878.42100000008940696716  6.72599999999999997868
717899.99699999997392296791  1605953.41599999996833503246  8.63700000000000045475
717283.17700000002514570951  1605813.78399999998509883881  2.20199999999999995737
717389.86999999999534338713  1605865.32199999992735683918  3.34100000000000019185
717514.39000000001396983862  1605963.98099999991245567799  4.58000000000000007105
717677.67599999997764825821  1606027.33499999996274709702  8.78899999999999970157
717803.26100000005681067705  1606124.05300000007264316082  11.18399999999999927525
717190.75699999998323619366  1605930.33599999989382922649  0.85299999999999998046
717335.72400000004563480616  1606035.13599999994039535522  1.05099999999999993427
717458.67500000004656612873  1606085.67500000004656612873  1.98599999999999998757
717551.84999999997671693563  1606212.08100000000558793545  5.14100000000000001421
717071.04299999994691461325  1606079.11400000005960464478  0.09700000000000000289
717231.35199999995529651642  1606163.01900000008754432201  -0.66300000000000003375
717531.82400000002235174179  1605901.41599999996833503246  4.50100000000000033396
717477.92099999997299164534  1606299.16800000006332993507  4.17699999999999960210
717604.70700000005308538675  1606381.58100000000558793545  3.71700000000000008171
716985.73400000005494803190  1606209.20800000010058283806  -0.28899999999999997913
717136.30500000005122274160  1606298.49600000004284083843  0.42099999999999998535
717298.73600000003352761269  1606355.04300000006332993507  2.17099999999999981881
717400.03899999998975545168  1606458.05199999990873038769  4.29000000000000003553
717523.85499999998137354851  1606525.87700000009499490261  5.90200000000000013500
717382.11600000003818422556  1606245.19800000009126961231  0.63800000000000001155
717170.19999999995343387127  1606353.93100000009872019291  0.38800000000000001155
717428.90000000002328306437  1606454.32000000006519258022  3.45500000000000007105
717024.65300000004936009645  1606151.52499999990686774254  -0.70299999999999995826
717310.91399999998975545168  1606333.89800000004470348358  0.32900000000000001465
717609.15300000004936009645  1606432.60199999995529651642  5.64299999999999979394
717133.07099999999627470970  1606132.55899999989196658134  -1.09800000000000008704
717504.49199999996926635504  1606286.26200000010430812836  3.90099999999999980105
717315.95799999998416751623  1605940.26600000006146728992  1.93500000000000005329
717616.27800000004936009645  1606070.65400000009685754776  5.90299999999999958078
717745.28300000005401670933  1606169.40699999989010393620  9.89899999999999913314
717493.46200000005774199963  1605857.20399999991059303284  3.18699999999999983302
717691.04500000004190951586  1605967.68900000001303851604  7.97900000000000009237
717378.04500000004190951586  1605705.04700000002048909664  0.85299999999999998046
717647.22400000004563480616  1605821.90299999993294477463  3.77000000000000001776
717868.87600000004749745131  1606008.48399999993853271008  9.26399999999999934630
717566.81099999998696148396  1605642.50699999998323619366  2.24800000000000022027
717883.13100000005215406418  1605742.65500000002793967724  2.20199999999999995737
717413.35100000002421438694  1606197.65699999989010393620  0.06500000000000000222
