S0004.JPG,717396.814917,1605368.253190,184.428232
S0005.JPG,717383.954737,1605389.494141,184.537871
S0006.JPG,717370.790816,1605410.829827,184.514498
S0007.JPG,717357.910877,1605431.809143,184.334286
S0008.JPG,717344.759770,1605453.437653,183.911404
S0009.JPG,717331.443467,1605474.573456,183.829412
S0010.JPG,717317.821386,1605495.483539,184.217817
S0011.JPG,717304.281566,1605516.451475,184.571689
S0012.JPG,717290.949013,1605537.637743,185.212492
S0013.JPG,717277.446341,1605558.638500,185.322589
S0014.JPG,717264.179144,1605579.818139,184.552265
S0015.JPG,717250.931055,1605600.891443,184.226024
S0016.JPG,717237.313821,1605621.694719,184.297283
S0017.JPG,717223.583789,1605642.601580,184.014820
S0018.JPG,717209.998097,1605663.572073,183.666103
S0019.JPG,717196.281651,1605684.468319,183.892415
S0020.JPG,717182.684373,1605705.268620,184.176698
S0021.JPG,717169.255228,1605726.118161,184.373944
S0022.JPG,717155.698900,1605747.311967,184.512109
S0023.JPG,717142.249447,1605768.257335,184.656483
S0024.JPG,717128.583912,1605789.286045,184.479862
S0025.JPG,717115.040895,1605810.432293,184.563502
S0026.JPG,717101.523534,1605831.531031,184.597749
S0027.JPG,717087.936944,1605852.675403,184.671525
S0028.JPG,717074.214006,1605873.582856,184.907763
S0029.JPG,717061.082295,1605894.599555,184.938308
S0030.JPG,717047.830131,1605916.415944,184.487383
S0031.JPG,717034.805604,1605937.629069,184.062882
S0032.JPG,717021.794088,1605958.758133,184.365031
S0033.JPG,717008.176124,1605980.188210,184.444553
S0034.JPG,716994.268551,1606001.006647,184.219952
S0035.JPG,716980.811641,1606021.808956,184.013459
S0036.JPG,716967.025320,1606042.658430,184.212572
S0037.JPG,716953.290474,1606063.579815,184.376435
S0038.JPG,716939.613569,1606084.549833,184.621301
S0039.JPG,716926.223951,1606105.263646,184.544053
S0040.JPG,716912.622991,1606126.471775,184.925939
S0041.JPG,716899.256218,1606147.446453,185.157890
S0042.JPG,716886.109922,1606168.725752,184.489117
S0043.JPG,716872.257648,1606190.124138,183.923245
S0044.JPG,716858.849740,1606211.305330,184.243655
S0045.JPG,716869.039023,1606250.512926,184.992029
S0046.JPG,716882.791560,1606229.558191,184.830857
S0047.JPG,716896.152677,1606208.624280,184.469596
S0048.JPG,716909.594471,1606187.316502,184.458067
S0049.JPG,716922.752495,1606166.353176,184.643892
S0050.JPG,716935.882488,1606144.983334,185.025325
S0051.JPG,716948.858388,1606123.863051,184.933667
S0052.JPG,716962.128707,1606102.588724,184.826873
S0053.JPG,716974.906535,1606081.352042,184.271808
S0054.JPG,716987.945895,1606059.858334,183.634130
S0055.JPG,717001.467677,1606038.674372,183.663346
S0056.JPG,717015.219974,1606017.949084,184.164967
S0057.JPG,717029.255798,1605997.170966,184.865510
S0058.JPG,717043.546770,1605976.915172,184.627899
S0059.JPG,717057.938706,1605956.102620,184.346650
S0060.JPG,717072.077904,1605935.606753,184.846677
S0061.JPG,717086.409613,1605914.950205,184.952054
S0062.JPG,717099.766414,1605893.599600,185.498670
S0063.JPG,717112.856654,1605873.057170,185.386748
S0064.JPG,717126.006268,1605851.136388,185.020900
S0065.JPG,717138.795480,1605829.423257,184.070930
S0066.JPG,717152.045070,1605808.643989,184.029599
S0067.JPG,717165.672751,1605787.347110,184.215160
S0068.JPG,717179.253623,1605766.536368,184.447241
S0069.JPG,717192.939963,1605745.639486,184.970066
S0070.JPG,717207.524560,1605725.363216,185.215333
S0071.JPG,717221.678511,1605704.623499,185.266132
S0072.JPG,717235.291454,1605683.535054,185.272678
S0073.JPG,717248.210801,1605662.398330,184.814503
S0074.JPG,717261.194451,1605640.996811,183.899584
S0075.JPG,717274.099199,1605619.701095,183.439641
S0076.JPG,717286.995030,1605598.293203,183.821415
S0077.JPG,717300.011728,1605577.040157,184.263306
S0078.JPG,717313.255405,1605555.815253,184.648002
S0079.JPG,717326.922595,1605534.912518,184.461312
S0080.JPG,717340.812076,1605514.045296,184.529520
S0081.JPG,717354.556144,1605493.087068,184.804264
S0082.JPG,717368.201644,1605471.979708,184.589647
S0083.JPG,717382.210081,1605451.190123,184.540258
S0084.JPG,717395.799539,1605430.250134,184.623354
S0085.JPG,717409.083984,1605409.142527,184.637663
S0086.JPG,717421.029479,1605390.599789,184.719816
S0087.JPG,717448.188508,1605398.458286,184.196247
S0088.JPG,717434.275666,1605419.050685,184.184524
S0089.JPG,717419.995344,1605439.527819,183.866256
S0090.JPG,717406.372006,1605460.492069,183.816818
S0091.JPG,717392.701024,1605481.570089,184.013152
S0092.JPG,717379.021347,1605502.526570,184.444446
S0093.JPG,717365.439250,1605523.471156,184.338376
S0094.JPG,717352.017493,1605544.432470,184.182211
S0095.JPG,717338.722007,1605565.722188,184.586406
S0096.JPG,717325.633028,1605586.845742,184.665909
S0097.JPG,717312.434284,1605608.164940,184.203534
S0098.JPG,717299.407945,1605629.585552,184.158226
S0099.JPG,717286.146937,1605650.522675,184.117292
S0100.JPG,717272.835001,1605671.788094,183.993545
S0101.JPG,717259.756053,1605692.788209,184.386870
S0102.JPG,717246.355900,1605713.779396,184.359917
S0103.JPG,717232.957953,1605734.894360,184.279323
S0104.JPG,717219.628079,1605756.084102,184.228536
S0105.JPG,717206.422200,1605777.143320,184.966771
S0106.JPG,717193.172831,1605798.369962,184.832696
S0107.JPG,717179.709075,1605819.740560,184.657032
S0108.JPG,717166.316257,1605840.498259,184.445922
S0109.JPG,717153.264721,1605862.122975,184.346939
S0110.JPG,717139.829435,1605882.988446,184.263300
S0111.JPG,717126.233542,1605904.199355,184.300497
S0112.JPG,717112.516465,1605925.020876,184.281558
S0113.JPG,717098.890045,1605946.158441,184.509246
S0114.JPG,717085.297809,1605967.024016,184.702102
S0115.JPG,717071.454793,1605987.885911,184.700098
S0116.JPG,717057.940313,1606008.944246,184.674025
S0117.JPG,717044.437408,1606029.698501,184.718116
S0118.JPG,717031.036961,1606051.424516,185.136029
S0119.JPG,717017.925852,1606072.399071,184.877896
S0120.JPG,717004.459313,1606093.795193,184.185501
S0121.JPG,716991.223184,1606114.929934,184.214443
S0122.JPG,716978.034192,1606136.122392,184.257558
S0123.JPG,716965.004951,1606156.963348,184.434551
S0124.JPG,716951.784778,1606178.393046,184.511797
S0125.JPG,716938.092883,1606199.229414,184.413510
S0126.JPG,716924.635084,1606220.499411,184.589665
S0127.JPG,716911.162228,1606241.395992,184.527528
S0128.JPG,716897.757639,1606262.578610,183.931649
S0129.JPG,716917.652522,1606288.370448,184.758137
S0130.JPG,716930.519982,1606266.932882,185.265970
S0131.JPG,716943.783388,1606245.558754,184.697449
S0132.JPG,716956.789476,1606224.524209,184.490388
S0133.JPG,716969.974110,1606203.165533,184.326297
S0134.JPG,716983.196008,1606181.774163,184.363462
S0135.JPG,716996.270658,1606160.751638,184.881992
S0136.JPG,717009.747279,1606139.840277,185.424069
S0137.JPG,717023.053760,1606118.927838,185.216556
S0138.JPG,717036.197576,1606097.874739,183.872315
S0139.JPG,717049.088314,1606076.596451,182.881572
S0140.JPG,717062.593496,1606055.065319,183.040609
S0141.JPG,717076.510783,1606034.451631,183.915597
S0142.JPG,717091.131903,1606013.818102,184.732266
S0143.JPG,717105.740614,1605993.640248,185.293973
S0144.JPG,717120.316667,1605973.090547,185.341554
S0145.JPG,717134.534264,1605952.536253,185.557126
S0146.JPG,717147.949717,1605931.756188,185.832712
S0147.JPG,717161.020996,1605910.142847,185.171350
S0148.JPG,717173.788018,1605888.778355,184.864007
S0149.JPG,717186.324254,1605867.290948,184.384678
S0150.JPG,717199.679489,1605846.133973,184.103084
S0151.JPG,717212.968094,1605824.785600,184.378304
S0152.JPG,717226.385473,1605803.662686,184.709901
S0153.JPG,717239.776301,1605782.441483,184.580134
S0154.JPG,717253.342307,1605761.296865,184.537089
S0155.JPG,717266.610645,1605740.212739,184.203468
S0156.JPG,717280.158426,1605719.499860,184.179536
S0157.JPG,717293.839753,1605698.561436,184.522013
S0158.JPG,717307.410264,1605677.764981,184.441137
S0159.JPG,717321.169100,1605656.976787,184.234264
S0160.JPG,717334.724630,1605635.798303,185.202678
S0161.JPG,717348.498360,1605614.974537,185.010297
S0162.JPG,717361.953066,1605593.871891,185.147832
S0163.JPG,717375.423870,1605572.753447,184.862219
S0164.JPG,717388.719196,1605551.640743,184.934343
S0165.JPG,717401.973659,1605530.340109,184.765142
S0166.JPG,717415.186093,1605509.033811,184.662867
S0167.JPG,717428.428404,1605487.701588,184.641561
S0168.JPG,717441.679651,1605466.393097,184.433159
S0169.JPG,717455.272214,1605445.419832,184.202909
S0170.JPG,717468.761987,1605424.419225,184.081881
S0171.JPG,717499.222660,1605428.423888,184.184146
S0172.JPG,717485.456410,1605449.256306,184.079586
S0173.JPG,717471.774868,1605469.976273,184.111554
S0174.JPG,717458.136128,1605491.303226,184.374457
S0175.JPG,717444.789278,1605512.146244,184.656001
S0176.JPG,717431.480831,1605533.325356,184.565619
S0177.JPG,717418.437792,1605554.623685,184.341408
S0178.JPG,717405.209143,1605576.037856,184.079836
S0179.JPG,717391.969602,1605597.090574,184.014206
S0180.JPG,717378.770926,1605618.290244,184.327376
S0181.JPG,717365.409036,1605639.474090,184.667458
S0182.JPG,717351.929598,1605660.441894,184.468081
S0183.JPG,717338.716795,1605681.559644,184.286917
S0184.JPG,717325.033952,1605702.466260,183.988223
S0185.JPG,717311.800487,1605723.674851,183.999474
S0186.JPG,717298.482332,1605744.558589,184.915016
S0187.JPG,717284.875465,1605765.513563,185.002757
S0188.JPG,717270.978356,1605786.692941,184.780523
S0189.JPG,717257.988920,1605807.559893,184.614322
S0190.JPG,717244.351856,1605828.624886,184.556205
S0191.JPG,717230.944652,1605849.912554,184.097546
S0192.JPG,717217.814006,1605871.168229,183.950330
S0193.JPG,717204.366513,1605892.496934,184.072146
S0194.JPG,717191.100738,1605913.359549,184.352519
S0195.JPG,717177.455560,1605934.299786,184.254922
S0196.JPG,717163.932207,1605955.409732,184.505444
S0197.JPG,717150.134992,1605976.219318,184.674456
S0198.JPG,717136.803040,1605997.160040,185.247600
S0199.JPG,717123.515230,1606018.416634,185.114279
S0200.JPG,717110.434047,1606039.646474,184.793863
S0201.JPG,717096.846422,1606061.030639,183.960347
S0202.JPG,717083.368506,1606082.413004,183.737210
S0203.JPG,717070.184997,1606103.681261,184.320769
S0204.JPG,717056.764003,1606124.603025,184.516132
S0205.JPG,717043.448467,1606145.459583,184.148297
S0206.JPG,717029.948326,1606166.118992,184.430921
S0207.JPG,717016.343896,1606187.483027,185.211274
S0208.JPG,717002.910352,1606208.481264,185.071527
S0209.JPG,716989.082265,1606229.315606,184.116204
S0210.JPG,716975.666890,1606250.466609,183.583381
S0211.JPG,716962.212279,1606271.612723,183.544226
S0212.JPG,716948.387329,1606292.477088,183.652151
S0213.JPG,716968.411757,1606318.517839,184.949536
S0214.JPG,716981.357870,1606297.183354,184.629176
S0215.JPG,716995.049126,1606275.770750,184.664483
S0216.JPG,717007.997772,1606254.834338,184.475751
S0217.JPG,717021.277524,1606233.826987,184.047937
S0218.JPG,717034.554025,1606212.514535,184.075606
S0219.JPG,717047.557867,1606191.180262,183.927439
S0220.JPG,717060.993050,1606170.409546,184.053203
S0221.JPG,717074.664598,1606149.513872,184.323919
S0222.JPG,717088.362214,1606128.482642,184.496482
S0223.JPG,717102.070277,1606107.511380,184.685273
S0224.JPG,717115.936387,1606086.737998,184.386152
S0225.JPG,717130.055448,1606066.125404,184.070679
S0226.JPG,717143.840846,1606044.968712,184.166231
S0227.JPG,717157.306898,1606024.027605,184.516835
S0228.JPG,717171.050025,1606002.922520,184.901953
S0229.JPG,717184.297487,1605981.961457,184.717963
S0230.JPG,717198.178193,1605960.967999,184.492215
S0231.JPG,717211.255662,1605940.108006,184.793822
S0232.JPG,717224.641419,1605918.695346,184.829999
S0233.JPG,717237.973291,1605897.578786,184.397047
S0234.JPG,717251.045703,1605876.419918,184.087752
S0235.JPG,717264.582452,1605855.107382,184.152213
S0236.JPG,717277.848558,1605834.248038,184.400908
S0237.JPG,717291.385706,1605813.095676,184.366383
S0238.JPG,717305.402551,1605792.176434,184.655357
S0239.JPG,717318.954612,1605771.234346,185.208770
S0240.JPG,717332.419742,1605750.138643,184.749017
S0241.JPG,717345.916784,1605729.285231,184.672255
S0242.JPG,717358.949816,1605708.159829,185.215841
S0243.JPG,717372.193984,1605687.042602,184.716643
S0244.JPG,717385.461723,1605665.880885,184.029387
S0245.JPG,717398.776519,1605644.564474,183.713331
S0246.JPG,717411.965745,1605623.240371,183.774623
S0247.JPG,717425.322857,1605602.482815,183.746457
S0248.JPG,717439.198500,1605581.041459,183.700237
S0249.JPG,717452.719091,1605560.225873,184.680593
S0250.JPG,717466.567315,1605539.461993,185.189966
S0251.JPG,717480.701087,1605518.572819,184.651334
S0252.JPG,717494.513840,1605497.802732,184.752328
S0253.JPG,717507.984620,1605476.706037,184.980229
S0254.JPG,717521.424920,1605455.371252,184.949925
S0255.JPG,717552.540913,1605459.873782,182.967078
S0256.JPG,717538.321969,1605480.416699,183.877667
S0257.JPG,717523.984300,1605501.195207,184.888345
S0258.JPG,717509.798273,1605521.633094,185.067310
S0259.JPG,717495.704603,1605542.142433,184.528218
S0260.JPG,717482.066957,1605563.261097,184.226114
S0261.JPG,717468.513610,1605584.360497,184.150354
S0262.JPG,717455.201537,1605605.341112,183.886842
S0263.JPG,717441.859179,1605626.520667,184.034281
S0264.JPG,717428.652851,1605647.763914,184.274174
S0265.JPG,717415.453511,1605668.991106,184.480870
S0266.JPG,717402.393923,1605690.327521,184.860886
S0267.JPG,717389.258838,1605711.623909,184.821558
S0268.JPG,717376.188938,1605732.629285,184.406998
S0269.JPG,717362.926309,1605753.919759,184.024683
S0270.JPG,717349.742775,1605775.088580,184.047596
S0271.JPG,717336.774590,1605796.189862,184.349770
S0272.JPG,717323.271889,1605817.394550,184.273792
S0273.JPG,717309.912692,1605838.427731,184.398482
S0274.JPG,717296.844978,1605859.905892,184.797135
S0275.JPG,717283.686525,1605881.245885,184.479752
S0276.JPG,717270.623953,1605902.519318,184.286549
S0277.JPG,717257.368563,1605923.459985,183.992799
S0278.JPG,717243.706859,1605944.906629,184.326348
S0279.JPG,717229.999786,1605965.359259,184.373002
S0280.JPG,717216.338672,1605986.399693,184.874301
S0281.JPG,717202.766710,1606007.391756,184.393179
S0282.JPG,717189.147736,1606028.118006,184.278344
S0283.JPG,717175.352540,1606049.157523,184.339102
S0284.JPG,717161.477014,1606070.039155,184.563836
S0285.JPG,717147.592331,1606090.811603,184.687793
S0286.JPG,717133.851103,1606111.560227,184.973761
S0287.JPG,717120.285211,1606132.570385,184.682039
S0288.JPG,717106.490581,1606153.828521,184.262329
S0289.JPG,717093.086501,1606174.815241,184.155496
S0290.JPG,717080.066723,1606196.100471,184.026550
S0291.JPG,717066.681873,1606217.249629,183.898988
S0292.JPG,717053.293725,1606238.461016,184.145708
S0293.JPG,717039.954362,1606259.583569,184.328943
S0294.JPG,717026.663328,1606280.692227,184.570720
S0295.JPG,717013.381121,1606301.828587,184.446839
S0296.JPG,716999.966285,1606323.004972,183.882334
S0297.JPG,717019.941639,1606348.960652,184.678044
S0298.JPG,717033.314869,1606327.796651,185.069275
S0299.JPG,717046.906062,1606306.856092,184.429978
S0300.JPG,717060.401457,1606285.436606,184.169153
S0301.JPG,717073.416490,1606264.507153,184.057525
S0302.JPG,717086.698279,1606243.143751,184.022250
S0303.JPG,717099.752312,1606222.046798,184.188074
S0304.JPG,717113.453930,1606201.138975,184.143993
S0305.JPG,717127.490146,1606180.469558,183.939636
S0306.JPG,717141.254606,1606159.740130,184.193508
S0307.JPG,717155.100981,1606138.867282,184.675439
S0308.JPG,717168.896474,1606117.918279,184.755424
S0309.JPG,717182.354409,1606096.880763,184.772522
S0310.JPG,717195.878588,1606075.788046,184.838158
S0311.JPG,717209.543696,1606054.791419,184.844344
S0312.JPG,717222.920045,1606033.515750,184.684630
S0313.JPG,717236.224219,1606012.429927,184.531063
S0314.JPG,717249.606011,1605991.330483,184.414976
S0315.JPG,717262.723512,1605970.117966,184.491939
S0316.JPG,717275.887265,1605949.037696,184.502434
S0317.JPG,717288.927703,1605927.842923,184.001819
S0318.JPG,717302.498719,1605906.826222,184.084996
S0319.JPG,717315.903401,1605885.701237,184.406001
S0320.JPG,717329.370064,1605864.538332,184.635580
S0321.JPG,717342.936430,1605843.548704,184.589975
S0322.JPG,717356.685593,1605822.616187,184.599538
S0323.JPG,717370.367965,1605801.864031,184.799298
S0324.JPG,717384.347513,1605781.038452,184.458555
S0325.JPG,717397.915209,1605760.040360,184.384916
S0326.JPG,717411.467345,1605739.209238,184.537068
S0327.JPG,717425.101244,1605718.129951,184.484295
S0328.JPG,717438.445643,1605697.073134,184.486411
S0329.JPG,717451.907788,1605675.907223,184.487763
S0330.JPG,717465.225312,1605654.701778,184.711425
S0331.JPG,717478.546346,1605633.415910,184.625140
S0332.JPG,717492.063023,1605612.392362,184.435795
S0333.JPG,717505.307536,1605591.369099,184.729385
S0334.JPG,717519.070890,1605570.298719,184.664447
S0335.JPG,717532.674328,1605549.315729,184.505042
S0336.JPG,717546.075467,1605528.069546,184.321260
S0337.JPG,717559.285756,1605506.912643,184.577877
S0338.JPG,717572.508233,1605485.793825,184.669017
S0339.JPG,717602.886849,1605489.632516,183.981005
S0340.JPG,717589.105879,1605510.345512,183.681524
S0341.JPG,717575.260059,1605531.235690,183.672115
S0342.JPG,717561.650591,1605552.328886,184.064984
S0343.JPG,717548.007386,1605573.055994,184.286007
S0344.JPG,717534.288057,1605593.968490,184.797427
S0345.JPG,717520.612312,1605614.978013,184.994184
S0346.JPG,717507.189476,1605636.158364,184.683839
S0347.JPG,717493.996053,1605657.206963,184.535255
S0348.JPG,717480.672771,1605678.376960,184.203367
S0349.JPG,717467.533774,1605699.738482,184.152490
S0350.JPG,717454.281645,1605720.940106,184.504431
S0351.JPG,717441.025198,1605742.275948,184.598676
S0352.JPG,717427.976126,1605763.375796,184.567584
S0353.JPG,717414.803058,1605784.670855,184.643933
S0354.JPG,717401.609143,1605805.781115,184.451243
S0355.JPG,717388.526531,1605826.740273,184.422645
S0356.JPG,717375.455815,1605848.263627,184.100419
S0357.JPG,717362.106511,1605869.371263,183.878272
S0358.JPG,717348.654651,1605890.401386,184.083268
S0359.JPG,717335.005614,1605911.715316,184.028379
S0360.JPG,717321.640646,1605932.500363,184.214704
S0361.JPG,717307.993071,1605953.348038,184.508155
S0362.JPG,717294.051911,1605974.112010,184.740435
S0363.JPG,717280.432533,1605995.024522,184.513336
S0364.JPG,717266.991466,1606016.112925,184.812454
S0365.JPG,717253.460631,1606037.087129,184.726664
S0366.JPG,717240.064381,1606058.243214,184.581884
S0367.JPG,717226.790477,1606079.426669,184.409970
S0368.JPG,717213.478449,1606100.768543,184.219818
S0369.JPG,717200.152422,1606122.098713,184.198365
S0370.JPG,717186.932771,1606143.083129,184.074038
S0371.JPG,717173.406649,1606163.933970,184.233071
S0372.JPG,717159.735313,1606184.900463,184.402201
S0373.JPG,717146.111743,1606205.879616,184.421033
S0374.JPG,717132.552675,1606227.090842,184.577700
S0375.JPG,717118.980445,1606248.150940,184.534767
S0376.JPG,717105.633110,1606269.054027,184.448216
S0377.JPG,717092.160067,1606289.940730,184.307197
S0378.JPG,717078.659359,1606311.205235,184.238086
S0379.JPG,717065.147248,1606332.362558,184.225296
S0380.JPG,717051.791006,1606353.328453,184.020462
S0381.JPG,717071.737686,1606379.331615,184.248916
S0382.JPG,717084.839127,1606358.080290,184.162144
S0383.JPG,717098.109335,1606336.785700,184.301823
S0384.JPG,717111.319295,1606315.831789,184.147422
S0385.JPG,717124.780168,1606294.663024,184.195804
S0386.JPG,717138.258648,1606273.596798,184.463788
S0387.JPG,717019.821831,1606348.701790,184.516319
S0388.JPG,717033.071795,1606327.600750,184.705780
S0389.JPG,717046.526361,1606306.434802,184.743917
S0390.JPG,717060.020314,1606285.354625,184.598865
S0391.JPG,717073.441671,1606264.477914,184.446283
S0392.JPG,717086.845917,1606243.416646,184.316387
S0393.JPG,717100.301149,1606222.234045,184.200958
S0394.JPG,717113.598634,1606201.149484,184.324102
S0395.JPG,717127.094385,1606180.130080,184.476000
S0396.JPG,717140.623638,1606159.482185,184.415110
S0397.JPG,717154.428425,1606138.107094,184.459295
S0398.JPG,717168.006952,1606116.990639,184.648556
S0399.JPG,717181.537532,1606096.206831,184.729609
S0400.JPG,717195.119627,1606075.260409,184.648167
S0401.JPG,717208.868879,1606054.471807,184.659983
S0402.JPG,717222.254024,1606033.373387,184.689386
S0403.JPG,717235.780581,1606012.189040,184.904964
S0404.JPG,717249.137541,1605991.063503,184.885642
S0405.JPG,717262.461416,1605969.992561,184.809887
S0406.JPG,717275.668258,1605948.767789,184.966063
S0407.JPG,717288.881351,1605927.529196,184.528008
S0408.JPG,717301.966413,1605906.394863,184.162408
S0409.JPG,717315.281536,1605885.122769,184.422134
S0410.JPG,717328.669042,1605863.999944,184.485514
S0411.JPG,717342.257867,1605843.094391,184.608777
S0412.JPG,717355.869622,1605822.120994,184.618553
S0413.JPG,717369.707174,1605801.159376,184.619479
S0414.JPG,717383.248114,1605780.285236,184.778472
S0415.JPG,717396.812659,1605759.388240,184.590120
S0416.JPG,717410.180451,1605738.305856,184.066676
S0417.JPG,717423.620570,1605717.100644,184.124022
S0418.JPG,717437.055032,1605696.100457,184.629496
S0419.JPG,717450.465422,1605674.967840,184.798787
S0420.JPG,717464.061411,1605653.869574,184.741746
S0421.JPG,717477.607733,1605632.887178,184.659031
S0422.JPG,717491.243380,1605612.037235,184.653205
S0423.JPG,717505.046821,1605591.150462,184.535859
S0424.JPG,717518.789298,1605570.218044,184.491043
S0425.JPG,717532.400903,1605549.188058,184.554618
S0426.JPG,717546.011892,1605528.017294,184.619485
S0427.JPG,717559.573281,1605506.892101,184.652925
S0428.JPG,717572.876376,1605485.714476,184.557218
S0429.JPG,717602.686850,1605489.360493,184.067335
S0430.JPG,717588.955982,1605510.156769,184.742767
S0431.JPG,717575.562181,1605531.383756,184.961215
S0432.JPG,717562.388928,1605552.789754,184.704519
S0433.JPG,717549.356454,1605574.142262,184.512807
S0434.JPG,717536.415253,1605595.290997,184.500226
S0435.JPG,717523.080174,1605616.340305,184.394672
S0436.JPG,717509.553521,1605637.385576,184.110695
S0437.JPG,717495.882568,1605658.380752,184.085895
S0438.JPG,717482.261108,1605679.232666,184.086616
S0439.JPG,717468.709006,1605700.316141,184.377854
S0440.JPG,717455.186494,1605721.195056,183.883809
S0441.JPG,717441.529617,1605742.427885,183.801864
S0442.JPG,717428.132562,1605763.395021,184.312216
S0443.JPG,717414.922274,1605784.604852,184.744780
S0444.JPG,717401.648004,1605805.605626,184.901347
S0445.JPG,717388.489305,1605826.790707,184.858356
S0446.JPG,717375.170700,1605848.102179,184.444047
S0447.JPG,717362.016553,1605869.187984,184.262827
S0448.JPG,717348.647987,1605890.555834,184.444372
S0449.JPG,717335.464544,1605911.920732,184.316154
S0450.JPG,717322.430276,1605932.976355,184.078118
S0451.JPG,717309.057236,1605953.845856,183.945399
S0452.JPG,717295.392078,1605974.926101,183.835558
S0453.JPG,717281.784742,1605995.658813,183.523765
S0454.JPG,717267.749345,1606016.488982,184.198217
S0455.JPG,717253.980319,1606037.243339,184.229985
S0456.JPG,717240.011694,1606058.220977,184.394323
S0457.JPG,717226.197310,1606079.035828,184.789783
S0458.JPG,717212.533663,1606099.884513,184.808970
S0459.JPG,717198.861518,1606121.091833,184.672192
S0460.JPG,717185.425821,1606142.189337,184.398086
S0461.JPG,717172.071547,1606163.180163,184.172001
S0462.JPG,717158.702959,1606184.368648,183.946055
S0463.JPG,717145.365272,1606205.473746,184.045177
S0464.JPG,717132.116137,1606226.575730,184.115575
S0465.JPG,717118.466178,1606247.639152,184.285492
S0466.JPG,717104.584132,1606268.806837,184.377385
S0467.JPG,717091.233777,1606289.492796,184.224339
S0468.JPG,717077.621208,1606310.625275,184.172710
S0469.JPG,717064.000624,1606331.424209,184.018835
S0470.JPG,717050.395808,1606352.397063,183.997728
S0471.JPG,717071.466643,1606378.853001,183.735645
S0472.JPG,717084.929335,1606357.958657,184.010644
S0473.JPG,717098.524263,1606337.056750,184.307836
S0474.JPG,717112.195529,1606316.282579,184.483615
S0475.JPG,717126.270719,1606295.677976,184.540392
S0476.JPG,717140.288781,1606275.141433,184.877254
S0477.JPG,717154.169682,1606254.147920,184.993243
S0478.JPG,717167.628564,1606232.950126,184.658850
S0479.JPG,717180.600272,1606211.810492,184.401538
S0480.JPG,717194.056365,1606190.297517,184.235858
S0481.JPG,717206.789708,1606169.252326,184.145277
S0482.JPG,717219.677898,1606147.872856,184.468491
S0483.JPG,717233.044394,1606126.569180,184.830094
S0484.JPG,717246.657681,1606105.650747,184.649680
S0485.JPG,717259.980719,1606084.732696,184.474090
S0486.JPG,717273.541327,1606063.510452,184.359663
S0487.JPG,717287.013663,1606042.519694,184.152881
S0488.JPG,717300.755747,1606021.401694,184.362565
S0489.JPG,717314.291846,1606000.507309,184.496240
S0490.JPG,717327.941676,1605979.458286,184.605812
S0491.JPG,717341.171611,1605958.532026,184.821677
S0492.JPG,717354.576003,1605937.271272,184.930871
S0493.JPG,717367.839052,1605916.212752,184.781911
S0494.JPG,717381.235978,1605895.016773,184.492559
S0495.JPG,717394.402024,1605873.947928,184.133725
S0496.JPG,717407.976723,1605852.767151,184.168247
S0497.JPG,717421.520489,1605831.825996,184.545920
S0498.JPG,717434.531385,1605810.493782,184.625247
S0499.JPG,717447.809043,1605789.429062,184.636006
S0500.JPG,717461.367218,1605768.304527,184.692136
S0501.JPG,717474.589939,1605747.392946,184.659747
S0502.JPG,717487.878569,1605726.097596,184.279610
S0503.JPG,717501.339800,1605705.019368,184.171787
S0504.JPG,717514.662553,1605683.842322,184.085516
S0505.JPG,717528.921139,1605662.935317,184.641368
S0506.JPG,717542.581050,1605642.265991,185.035121
S0507.JPG,717556.172091,1605621.220692,184.741576
S0508.JPG,717569.874349,1605600.157674,184.504842
S0509.JPG,717583.432479,1605579.280623,184.274439
S0510.JPG,717597.021045,1605558.115172,184.372826
S0511.JPG,717610.352559,1605536.963206,184.387886
S0512.JPG,717623.598869,1605516.072762,184.254547
S0513.JPG,717632.861591,1605501.333506,184.139440
S0514.JPG,717653.957860,1605519.799909,183.785969
S0515.JPG,717640.154639,1605540.630415,184.120701
S0516.JPG,717626.468093,1605561.592105,184.394183
S0517.JPG,717613.011417,1605582.419635,184.381355
S0518.JPG,717599.561280,1605603.494925,184.336184
S0519.JPG,717586.392019,1605624.746153,184.354164
S0520.JPG,717573.107330,1605645.898424,184.463558
S0521.JPG,717559.946696,1605667.059486,184.726160
S0522.JPG,717546.902447,1605688.446711,184.665794
S0523.JPG,717533.747143,1605709.922794,183.953464
S0524.JPG,717520.522561,1605731.118085,183.519047
S0525.JPG,717507.249597,1605752.022500,183.436456
S0526.JPG,717493.314042,1605772.789030,183.809559
S0527.JPG,717479.387641,1605793.440456,184.560082
S0528.JPG,717465.820257,1605814.591057,185.067110
S0529.JPG,717452.852962,1605836.045723,184.969493
S0530.JPG,717440.133909,1605857.162452,184.892274
S0531.JPG,717426.913874,1605878.827700,184.309710
S0532.JPG,717414.408886,1605900.229052,184.423644
S0533.JPG,717401.246985,1605921.478191,184.563107
S0534.JPG,717387.785702,1605942.707212,184.542231
S0535.JPG,717374.381589,1605963.450256,184.468684
S0536.JPG,717360.967237,1605984.341800,184.223075
S0537.JPG,717347.396246,1606005.506824,183.980453
S0538.JPG,717333.685764,1606026.289965,184.046780
S0539.JPG,717319.764849,1606047.210830,184.220412
S0540.JPG,717305.726589,1606068.014790,184.055398
S0541.JPG,717291.840695,1606088.631758,183.846810
S0542.JPG,717278.190464,1606109.718398,183.935279
S0543.JPG,717264.527472,1606130.443204,184.060476
S0544.JPG,717250.748278,1606151.631619,184.454551
S0545.JPG,717237.402035,1606172.589940,184.815674
S0546.JPG,717223.689357,1606193.429643,184.839443
S0547.JPG,717209.881439,1606214.438533,184.767785
S0548.JPG,717196.397168,1606235.844045,184.610608
S0549.JPG,717183.346815,1606256.749640,183.941720
S0550.JPG,717169.773140,1606277.937913,183.563642
S0551.JPG,717156.601426,1606299.232193,183.981126
S0552.JPG,717143.061163,1606320.107997,184.078259
S0553.JPG,717129.384853,1606341.176432,184.354372
S0554.JPG,717115.818282,1606362.003778,184.377040
S0555.JPG,717102.396144,1606383.017069,184.391456
S0556.JPG,717123.398351,1606409.480290,184.389012
S0557.JPG,717136.328482,1606388.369692,184.252144
S0558.JPG,717149.247772,1606367.165741,183.670546
S0559.JPG,717162.619170,1606345.943245,183.779292
S0560.JPG,717175.911181,1606324.789329,184.037224
S0561.JPG,717189.818915,1606304.028837,184.438751
S0562.JPG,717203.635220,1606283.494153,184.619327
S0563.JPG,717217.798938,1606262.658867,184.708387
S0564.JPG,717231.811765,1606241.779605,184.826301
S0565.JPG,717245.328645,1606220.870207,184.271040
S0566.JPG,717258.699652,1606200.036355,184.136905
S0567.JPG,717272.091899,1606178.493327,184.571418
S0568.JPG,717285.551162,1606157.283392,184.757097
S0569.JPG,717298.863441,1606136.398246,184.808633
S0570.JPG,717311.997800,1606115.434870,184.791181
S0571.JPG,717325.336557,1606094.183531,184.612577
S0572.JPG,717338.531178,1606072.773012,184.326985
S0573.JPG,717351.703301,1606051.489606,184.439095
S0574.JPG,717364.849391,1606030.215743,184.382437
S0575.JPG,717377.745068,1606008.642753,184.055652
S0576.JPG,717390.685701,1605987.416261,184.218241
S0577.JPG,717404.201445,1605966.432562,184.454802
S0578.JPG,717418.088160,1605945.672649,184.424147
S0579.JPG,717432.273565,1605925.010385,184.386457
S0580.JPG,717446.227448,1605904.287556,184.395292
S0581.JPG,717459.952855,1605883.329062,184.456071
S0582.JPG,717473.539716,1605862.787056,184.320136
S0583.JPG,717487.165922,1605841.914303,184.380483
S0584.JPG,717500.741581,1605820.695186,184.683754
S0585.JPG,717514.568787,1605799.866917,184.309013
S0586.JPG,717528.136003,1605778.794347,183.711152
S0587.JPG,717541.470550,1605757.939510,184.016659
S0588.JPG,717555.013571,1605736.900109,184.489493
S0589.JPG,717568.754940,1605715.861371,184.863388
S0590.JPG,717582.450042,1605694.788446,184.933643
S0591.JPG,717595.986252,1605673.658145,184.828931
S0592.JPG,717608.920450,1605652.467891,184.602042
S0593.JPG,717622.228315,1605630.866259,184.429338
S0594.JPG,717635.335684,1605609.611120,184.305606
S0595.JPG,717648.585564,1605588.422472,184.389796
S0596.JPG,717662.097653,1605567.024059,184.379066
S0597.JPG,717675.577286,1605546.195121,184.152874
S0598.JPG,717687.291425,1605528.046713,184.213649
S0599.JPG,717804.605494,1605609.306270,184.084065
S0600.JPG,717795.354049,1605632.971434,184.101900
S0601.JPG,717784.453025,1605655.731486,184.049863
S0602.JPG,717773.791316,1605677.899702,184.298292
S0603.JPG,717761.651881,1605699.598601,184.194466
S0604.JPG,717748.961398,1605720.999889,184.163482
S0605.JPG,717735.677882,1605742.311439,184.206799
S0606.JPG,717722.082120,1605763.431452,184.238895
S0607.JPG,717708.173472,1605784.339002,184.358366
S0608.JPG,717694.499284,1605804.945931,184.507725
S0609.JPG,717680.541634,1605825.623047,184.456735
S0610.JPG,717666.426856,1605846.243147,184.392935
S0611.JPG,717652.290109,1605866.948401,184.191780
S0612.JPG,717638.290903,1605887.577775,184.060972
S0613.JPG,717624.407762,1605908.218624,183.860918
S0614.JPG,717610.626485,1605928.951678,183.832265
S0615.JPG,717596.494657,1605949.516745,184.259767
S0616.JPG,717582.397111,1605970.181895,184.234075
S0617.JPG,717568.901643,1605991.048997,184.270493
S0618.JPG,717554.945602,1606012.249090,183.994836
S0619.JPG,717541.218815,1606032.926039,184.250235
S0620.JPG,717527.533498,1606053.630469,184.281871
S0621.JPG,717513.696590,1606074.557605,184.231478
S0622.JPG,717500.193756,1606095.455152,184.121578
S0623.JPG,717486.948197,1606116.659521,184.203471
S0624.JPG,717473.770265,1606137.953141,184.178928
S0625.JPG,717460.147898,1606159.056151,184.039091
S0626.JPG,717446.430848,1606179.999728,184.141782
S0627.JPG,717432.899633,1606200.948709,184.128815
S0628.JPG,717419.194974,1606222.014808,184.412667
S0629.JPG,717405.606684,1606242.976988,184.512301
S0630.JPG,717392.422865,1606264.035321,184.277613
S0631.JPG,717379.071863,1606285.025170,184.505271
S0632.JPG,717365.656642,1606306.353367,184.535522
S0633.JPG,717352.259137,1606327.489592,184.325929
S0634.JPG,717338.748368,1606348.576429,184.436033
S0635.JPG,717325.384990,1606369.594205,184.126361
S0636.JPG,717312.103073,1606390.911100,183.824932
S0637.JPG,717298.539836,1606411.779374,184.331056
S0638.JPG,717284.826786,1606432.806889,184.017165
S0639.JPG,717271.090077,1606453.788564,183.936778
S0640.JPG,717289.500455,1606484.804788,184.300323
S0641.JPG,717302.520973,1606463.232795,184.479235
S0642.JPG,717315.509727,1606441.966479,184.488979
S0643.JPG,717328.889526,1606420.660379,184.193071
S0644.JPG,717342.048505,1606399.427976,184.468944
S0645.JPG,717355.343049,1606378.424846,184.653699
S0646.JPG,717368.576301,1606357.456879,184.589158
S0647.JPG,717381.974963,1606336.181079,184.529023
S0648.JPG,717395.488271,1606314.846783,184.539464
S0649.JPG,717408.749273,1606293.954260,184.429128
S0650.JPG,717422.375775,1606273.014362,184.416397
S0651.JPG,717436.515840,1606252.288136,184.371877
S0652.JPG,717450.124124,1606231.497124,184.392782
S0653.JPG,717464.211386,1606210.830869,184.418903
S0654.JPG,717478.247744,1606189.943569,184.392254
S0655.JPG,717491.996791,1606169.271797,184.432327
S0656.JPG,717505.693199,1606148.311827,184.567100
S0657.JPG,717519.064831,1606127.161550,184.871121
S0658.JPG,717532.401468,1606106.084654,184.714465
S0659.JPG,717546.035448,1606085.029443,184.357358
S0660.JPG,717559.151931,1606063.979930,184.209520
S0661.JPG,717571.958423,1606042.491350,184.544342
S0662.JPG,717585.073039,1606021.241787,184.809783
S0663.JPG,717598.348244,1605999.600844,184.648996
S0664.JPG,717611.262115,1605978.585190,184.535590
S0665.JPG,717624.671794,1605957.327209,184.463685
S0666.JPG,717638.201240,1605936.275611,184.260228
S0667.JPG,717652.022270,1605915.290725,184.491067
S0668.JPG,717665.517004,1605894.498597,184.269737
S0669.JPG,717679.029554,1605873.781413,184.281004
S0670.JPG,717692.672961,1605852.824406,184.670432
S0671.JPG,717706.189819,1605831.870552,184.479455
S0672.JPG,717719.340120,1605810.447531,184.275821
S0673.JPG,717732.449601,1605789.225260,184.159532
S0674.JPG,717746.176636,1605768.239664,184.240879
S0675.JPG,717760.288752,1605747.442483,184.166389
S0676.JPG,717774.829449,1605726.743832,184.502922
S0677.JPG,717788.641153,1605706.100009,184.534774
S0678.JPG,717802.716471,1605685.470712,184.453444
S0679.JPG,717816.496828,1605664.609149,184.896610
S0680.JPG,717829.636265,1605643.724145,184.769552
S0681.JPG,717839.008437,1605628.710507,184.556114
S0682.JPG,717860.956102,1605642.569127,184.603336
S0683.JPG,717847.188679,1605663.146258,184.477254
S0684.JPG,717833.708709,1605683.715866,184.261832
S0685.JPG,717819.785186,1605704.569262,184.113765
S0686.JPG,717806.349517,1605725.036053,184.029625
S0687.JPG,717792.682035,1605746.172054,183.981115
S0688.JPG,717779.179182,1605767.168729,184.141486
S0689.JPG,717765.485141,1605788.401415,184.311416
S0690.JPG,717752.035305,1605809.592306,184.409533
S0691.JPG,717738.644150,1605830.737713,184.458983
S0692.JPG,717725.417055,1605851.893507,184.514125
S0693.JPG,717712.164842,1605872.748480,184.422303
S0694.JPG,717698.848383,1605893.983462,184.369119
S0695.JPG,717685.499533,1605915.139674,184.277745
S0696.JPG,717672.176707,1605935.991272,184.178738
S0697.JPG,717659.056497,1605957.339441,184.235532
S0698.JPG,717645.874429,1605978.691245,184.351509
S0699.JPG,717632.807651,1605999.989509,184.344281
S0700.JPG,717619.893015,1606020.902423,184.219502
S0701.JPG,717606.410871,1606042.305588,183.939092
S0702.JPG,717593.063441,1606063.550151,184.062604
S0703.JPG,717579.460182,1606084.675593,184.361052
S0704.JPG,717566.218577,1606105.590764,184.418975
S0705.JPG,717552.924825,1606126.761699,184.336993
S0706.JPG,717539.478229,1606147.676652,184.001600
S0707.JPG,717525.887684,1606168.923104,184.002665
S0708.JPG,717512.548334,1606189.930774,183.832648
S0709.JPG,717499.133481,1606210.942649,183.627639
S0710.JPG,717485.919553,1606232.170324,184.106623
S0711.JPG,717472.481399,1606253.191243,184.439729
S0712.JPG,717458.707872,1606274.252770,184.349183
S0713.JPG,717444.816231,1606295.073476,184.439803
S0714.JPG,717431.132334,1606316.251468,184.576784
S0715.JPG,717417.727562,1606336.923691,184.337412
S0716.JPG,717403.930985,1606358.093837,184.353448
S0717.JPG,717390.364640,1606379.042458,184.196007
S0718.JPG,717377.119839,1606399.979602,184.034275
S0719.JPG,717363.787897,1606421.359714,184.290459
S0720.JPG,717350.313396,1606442.279426,184.440859
S0721.JPG,717336.663694,1606463.659965,184.100018
S0722.JPG,717323.244912,1606484.794265,183.958578
S0723.JPG,717340.013015,1606514.293498,183.984537
S0724.JPG,717353.299218,1606493.127916,184.099040
S0725.JPG,717367.092199,1606472.049827,184.533404
S0726.JPG,717380.683408,1606451.424267,184.748452
S0727.JPG,717394.836229,1606429.983101,184.485027
S0728.JPG,717408.167516,1606409.467187,184.586784
S0729.JPG,717421.962403,1606388.382515,184.805220
S0730.JPG,717435.318652,1606367.794932,184.594820
S0731.JPG,717448.774185,1606346.821696,184.292236
S0732.JPG,717462.182615,1606325.817899,184.257518
S0733.JPG,717475.657992,1606304.589775,184.545677
S0734.JPG,717488.832566,1606283.314525,184.651355
S0735.JPG,717502.320769,1606262.192497,184.623856
S0736.JPG,717515.649499,1606240.958774,184.698517
S0737.JPG,717529.131475,1606219.930289,184.528187
S0738.JPG,717542.623750,1606198.782350,184.162208
S0739.JPG,717555.988908,1606177.920848,184.335358
S0740.JPG,717569.633560,1606156.865724,184.531533
S0741.JPG,717582.903733,1606136.133153,184.711977
S0742.JPG,717596.483293,1606114.805095,184.713989
S0743.JPG,717609.841019,1606093.785758,184.619011
S0744.JPG,717623.035537,1606072.775275,184.452589
S0745.JPG,717636.803154,1606050.943077,184.676747
S0746.JPG,717649.807334,1606029.883769,184.276243
S0747.JPG,717663.319475,1606008.995183,184.274212
S0748.JPG,717676.757017,1605988.264031,184.244257
S0749.JPG,717690.707015,1605967.443437,184.672101
S0750.JPG,717704.518783,1605946.698775,185.195858
S0751.JPG,717718.505770,1605925.788781,184.947015
S0752.JPG,717731.725023,1605904.814123,184.474598
S0753.JPG,717745.131352,1605883.539207,184.503420
S0754.JPG,717758.165000,1605862.152017,184.389511
S0755.JPG,717771.478007,1605841.324496,184.277220
S0756.JPG,717785.440433,1605820.146019,184.395899
S0757.JPG,717798.845063,1605799.394360,184.578428
S0758.JPG,717812.477912,1605778.091537,184.655799
S0759.JPG,717826.080330,1605756.948839,184.575798
S0760.JPG,717839.422772,1605736.005730,184.451371
S0761.JPG,717852.742448,1605714.875278,184.406185
S0762.JPG,717866.252754,1605694.286040,184.374432
S0763.JPG,717879.549369,1605673.234077,184.164138
S0764.JPG,717890.554631,1605656.142276,184.462877
S0765.JPG,717913.264914,1605673.122631,184.019542
S0766.JPG,717898.698263,1605693.765054,184.127432
S0767.JPG,717884.772773,1605714.104723,184.077148
S0768.JPG,717870.976877,1605734.401162,184.132495
S0769.JPG,717857.058338,1605755.169570,184.303808
S0770.JPG,717843.819029,1605776.367661,184.397927
S0771.JPG,717830.015474,1605797.347035,184.782543
S0772.JPG,717816.584344,1605818.439971,184.707546
S0773.JPG,717803.186616,1605839.508169,184.569906
S0774.JPG,717790.002375,1605860.695486,184.454154
S0775.JPG,717776.825253,1605882.214324,184.415895
S0776.JPG,717763.682885,1605903.314836,184.552750
S0777.JPG,717750.595418,1605924.472986,184.448900
S0778.JPG,717737.339666,1605945.770708,184.412114
S0779.JPG,717724.157308,1605966.838626,184.502917
S0780.JPG,717711.018630,1605987.958313,184.594329
S0781.JPG,717697.857887,1606009.177744,184.648589
S0782.JPG,717684.758130,1606030.355278,184.386224
S0783.JPG,717671.729805,1606051.298054,184.293472
S0784.JPG,717657.872088,1606072.753978,184.175682
S0785.JPG,717644.466224,1606093.668170,184.244351
S0786.JPG,717630.911740,1606114.563656,184.442283
S0787.JPG,717617.526404,1606135.866227,184.521519
S0788.JPG,717603.991054,1606156.920664,184.358403
S0789.JPG,717591.107437,1606177.908948,184.191464
S0790.JPG,717577.724618,1606199.090551,184.280108
S0791.JPG,717564.022005,1606220.476068,184.300846
S0792.JPG,717550.391163,1606241.064649,184.216719
S0793.JPG,717536.872844,1606261.908059,184.517344
S0794.JPG,717523.319595,1606283.121842,184.559013
S0795.JPG,717509.676451,1606304.594273,184.829604
S0796.JPG,717496.264768,1606325.424620,184.869945
S0797.JPG,717483.343727,1606346.667738,184.491868
S0798.JPG,717470.217333,1606368.050168,184.137379
S0799.JPG,717456.934425,1606389.176922,183.905089
S0800.JPG,717443.625838,1606409.989950,183.909306
S0801.JPG,717429.745713,1606431.047898,183.999240
S0802.JPG,717415.919628,1606452.180994,184.277896
S0803.JPG,717402.131543,1606472.901107,184.510070
S0804.JPG,717388.340573,1606493.980578,184.589306
S0805.JPG,717374.826458,1606515.273427,184.482240
S0806.JPG,717392.543819,1606545.596167,184.257848
S0807.JPG,717406.084546,1606524.417705,184.448371
S0808.JPG,717419.539118,1606503.322193,184.585028
S0809.JPG,717432.670338,1606482.121333,184.735073
S0810.JPG,717446.139668,1606461.105756,184.826238
S0811.JPG,717459.275186,1606439.650827,184.672921
S0812.JPG,717472.631464,1606418.537616,184.357735
S0813.JPG,717485.810519,1606397.468854,184.249027
S0814.JPG,717499.105738,1606376.277878,184.514471
S0815.JPG,717512.708536,1606355.488762,184.416519
S0816.JPG,717526.390351,1606334.571756,184.350967
S0817.JPG,717540.104012,1606313.969642,184.652716
S0818.JPG,717554.168182,1606292.751890,184.885761
S0819.JPG,717567.580760,1606271.682969,184.663504
S0820.JPG,717580.992935,1606250.596103,184.634848
S0821.JPG,717594.299035,1606229.620596,184.752563
S0822.JPG,717607.573341,1606208.227558,184.547900
S0823.JPG,717620.950747,1606187.026858,184.303711
S0824.JPG,717634.254939,1606166.080155,184.473257
S0825.JPG,717647.623719,1606144.860598,184.323813
S0826.JPG,717661.196426,1606123.601186,184.168454
S0827.JPG,717674.678077,1606103.080910,184.136672
S0828.JPG,717688.539736,1606081.734144,184.318726
S0829.JPG,717702.520037,1606061.007719,184.494975
S0830.JPG,717716.352471,1606040.227114,184.723475
S0831.JPG,717730.045609,1606019.499603,184.634973
S0832.JPG,717743.476507,1605998.391993,184.663202
S0833.JPG,717756.506623,1605977.288311,184.739727
S0834.JPG,717769.825174,1605956.122313,184.765754
S0835.JPG,717783.037862,1605934.935599,184.658660
S0836.JPG,717796.156350,1605913.819636,184.553101
S0837.JPG,717809.761831,1605892.492811,184.336488
S0838.JPG,717823.380297,1605871.371144,184.272084
S0839.JPG,717836.923855,1605850.321775,184.471803
S0840.JPG,717850.445542,1605829.429399,184.573451
S0841.JPG,717864.024017,1605808.418759,184.530279
S0842.JPG,717877.452482,1605787.653671,184.566372
S0843.JPG,717891.268949,1605766.265407,184.445080
S0844.JPG,717904.985973,1605745.936625,184.415102
S0845.JPG,717918.353882,1605724.906622,184.560729
S0846.JPG,717931.820767,1605703.966303,184.635254
S0847.JPG,717942.764842,1605686.938799,184.705987
S0848.JPG,717964.277345,1605703.010631,184.576780
S0849.JPG,717950.232743,1605723.623059,184.534233
S0850.JPG,717936.071740,1605744.591098,184.401244
S0851.JPG,717922.311340,1605765.125435,184.243018
S0852.JPG,717908.661898,1605785.925243,184.489628
S0853.JPG,717895.401254,1605806.845079,184.410448
S0854.JPG,717882.186428,1605827.875725,184.260615
S0855.JPG,717868.745974,1605849.189433,184.234714
S0856.JPG,717855.560297,1605870.161842,184.191963
S0857.JPG,717842.171040,1605891.388373,184.233136
S0858.JPG,717828.895948,1605912.724473,184.353242
S0859.JPG,717815.858800,1605934.006975,184.334465
S0860.JPG,717802.811709,1605955.436352,184.194125
S0861.JPG,717789.750996,1605976.666548,184.070531
S0862.JPG,717776.763947,1605997.882033,184.241420
S0863.JPG,717763.488867,1606019.147701,184.306268
S0864.JPG,717750.185849,1606040.138177,184.326974
S0865.JPG,717736.773170,1606061.219150,184.330798
S0866.JPG,717723.571348,1606081.979199,184.296710
S0867.JPG,717709.588209,1606103.315363,184.160540
S0868.JPG,717696.199722,1606124.048802,184.072717
S0869.JPG,717682.459394,1606145.072615,184.164175
S0870.JPG,717669.004137,1606166.184477,184.179649
S0871.JPG,717655.548195,1606187.334672,184.154230
S0872.JPG,717642.079304,1606208.036723,184.255834
S0873.JPG,717628.648660,1606229.432982,184.326898
S0874.JPG,717615.487265,1606250.557598,184.354112
S0875.JPG,717602.405418,1606271.935781,184.326077
S0876.JPG,717589.049932,1606292.920298,184.115760
S0877.JPG,717575.382182,1606314.041542,184.064251
S0878.JPG,717562.057238,1606335.297501,184.203105
S0879.JPG,717548.260942,1606356.476048,184.227495
S0880.JPG,717534.867602,1606376.938728,184.230969
S0881.JPG,717521.149211,1606397.888756,184.189555
S0882.JPG,717507.762308,1606419.349595,184.235124
S0883.JPG,717494.379165,1606440.219379,184.135965
S0884.JPG,717480.599783,1606461.261918,184.000496
S0885.JPG,717467.246509,1606481.967704,184.064327
S0886.JPG,717453.617937,1606503.155774,184.272628
S0887.JPG,717439.898199,1606524.214673,184.443597
S0888.JPG,717426.196381,1606544.995985,184.161044
S0889.JPG,717443.340264,1606575.248409,184.195829
S0890.JPG,717457.394898,1606554.352960,184.361901
S0891.JPG,717471.196610,1606533.726526,184.611841
S0892.JPG,717485.098764,1606512.852299,184.769588
S0893.JPG,717498.571999,1606492.047811,184.798534
S0894.JPG,717511.945150,1606470.898831,184.573054
S0895.JPG,717525.166014,1606449.861051,184.409885
S0896.JPG,717538.633726,1606428.508904,184.523757
S0897.JPG,717551.911224,1606407.381355,184.390516
S0898.JPG,717565.293419,1606386.480628,184.650958
S0899.JPG,717578.964303,1606365.436223,184.436960
S0900.JPG,717592.478446,1606344.216839,184.576061
S0901.JPG,717605.806370,1606323.041413,184.802044
S0902.JPG,717619.066869,1606302.210159,184.848307
S0903.JPG,717632.260955,1606281.108612,184.595664
S0904.JPG,717645.499113,1606259.937498,184.511943
S0905.JPG,717658.893115,1606238.557773,184.407627
S0906.JPG,717672.377731,1606217.401854,184.334205
S0907.JPG,717685.874051,1606196.534922,184.240767
S0908.JPG,717699.169163,1606175.314580,184.103353
S0909.JPG,717712.972993,1606154.648219,184.320065
S0910.JPG,717726.937635,1606134.245762,184.251693
S0911.JPG,717741.103944,1606113.346144,184.601205
S0912.JPG,717755.248872,1606092.455249,184.740419
S0913.JPG,717768.867289,1606071.580070,184.549326
S0914.JPG,717782.568821,1606050.702591,184.851435
S0915.JPG,717795.914316,1606029.553463,184.929613
S0916.JPG,717808.738970,1606008.258455,185.089856
S0917.JPG,717821.715063,1605986.834616,185.020498
S0918.JPG,717834.698146,1605965.392018,184.627130
S0919.JPG,717847.581012,1605944.027872,184.243708
S0920.JPG,717860.690434,1605922.700441,183.977970
S0921.JPG,717874.077743,1605901.309413,184.249854
S0922.JPG,717887.764136,1605880.327196,184.556384
S0923.JPG,717901.660478,1605859.553152,184.805124
S0924.JPG,717915.445560,1605838.827498,184.826269
S0925.JPG,717929.037009,1605817.918201,184.782321
S0926.JPG,717942.443074,1605796.943187,184.675412
S0927.JPG,717955.802847,1605775.882846,184.558231
S0928.JPG,717969.300040,1605754.914280,184.378199
S0929.JPG,717982.841412,1605733.818494,184.494922
S0930.JPG,717993.715640,1605717.055686,184.547861
S0931.JPG,718016.499087,1605734.001699,184.346327
S0932.JPG,718002.337730,1605754.483617,183.938101
S0933.JPG,717988.384648,1605775.245629,184.191998
S0934.JPG,717974.718293,1605795.964028,184.150866
S0935.JPG,717961.324920,1605816.804348,184.272722
S0936.JPG,717947.653272,1605838.010907,184.150124
S0937.JPG,717934.540633,1605859.051356,184.257168
S0938.JPG,717921.318974,1605880.325416,184.282457
S0939.JPG,717908.019693,1605901.182161,184.486178
S0940.JPG,717894.562570,1605922.502218,184.586956
S0941.JPG,717881.188520,1605943.454953,184.720526
S0942.JPG,717867.854813,1605964.683659,184.743886
S0943.JPG,717854.706782,1605985.836280,184.525289
S0944.JPG,717841.193203,1606007.127907,184.397841
S0945.JPG,717827.941440,1606028.199949,184.227873
S0946.JPG,717814.593589,1606049.365961,184.154600
S0947.JPG,717801.221428,1606070.107056,184.273574
S0948.JPG,717787.797060,1606091.129991,184.443481
S0949.JPG,717774.201196,1606112.508082,184.442921
S0950.JPG,717760.753155,1606133.802508,184.399626
S0951.JPG,717747.180904,1606154.636124,184.387692
S0952.JPG,717733.856288,1606175.408552,184.454002
S0953.JPG,717720.340520,1606196.632046,184.459929
S0954.JPG,717706.974290,1606217.713107,184.442425
S0955.JPG,717693.825780,1606238.573975,184.330510
S0956.JPG,717680.122216,1606259.784892,184.409639
S0957.JPG,717666.783880,1606281.261220,184.307528
S0958.JPG,717653.605230,1606302.502409,184.160363
S0959.JPG,717640.327888,1606323.549792,184.326142
S0960.JPG,717627.160837,1606344.327196,184.388001
S0961.JPG,717613.338766,1606365.383893,184.367966
S0962.JPG,717599.788448,1606386.689482,184.331912
S0963.JPG,717586.359986,1606407.579140,184.335269
S0964.JPG,717573.007980,1606428.832594,184.231733
S0965.JPG,717559.522283,1606449.816717,184.365898
S0966.JPG,717545.950926,1606470.944059,184.456080
S0967.JPG,717532.625790,1606491.892450,184.309974
S0968.JPG,717519.163119,1606513.118672,184.308388
S0969.JPG,717505.802021,1606533.887372,184.058982
S0970.JPG,717492.273613,1606554.802714,184.049222
S0971.JPG,717506.021619,1606588.917993,184.107433
S0972.JPG,717519.943235,1606568.066237,184.308175
S0973.JPG,717533.352231,1606547.326409,184.356794
S0974.JPG,717546.938700,1606526.220156,184.637304
S0975.JPG,717560.867993,1606505.290359,185.109030
S0976.JPG,717574.525670,1606484.640272,185.046173
S0977.JPG,717587.859153,1606463.503592,184.605995
S0978.JPG,717601.002029,1606442.261428,184.688185
S0979.JPG,717614.318376,1606421.054523,184.691131
S0980.JPG,717627.574548,1606399.760546,184.397130
S0981.JPG,717640.845061,1606378.282732,184.209779
S0982.JPG,717653.569091,1606357.333298,184.285724
S0983.JPG,717667.225958,1606336.206287,184.466553
S0984.JPG,717680.710213,1606315.525177,184.479035
S0985.JPG,717694.562897,1606294.390593,184.685571
S0986.JPG,717708.359058,1606273.445761,184.810853
S0987.JPG,717722.127636,1606252.723588,184.551613
S0988.JPG,717735.787004,1606231.821148,184.499418
S0989.JPG,717749.112211,1606210.913312,184.461278
S0990.JPG,717762.731980,1606189.865221,184.538677
S0991.JPG,717776.206667,1606168.807582,184.729462
S0992.JPG,717789.942182,1606147.724952,184.799116
S0993.JPG,717803.103652,1606126.698197,184.852912
S0994.JPG,717816.597779,1606105.385882,184.568726
S0995.JPG,717830.100109,1606084.456061,184.280859
S0996.JPG,717843.385303,1606063.308766,184.294943
S0997.JPG,717856.717657,1606042.423371,184.707348
S0998.JPG,717870.429943,1606021.684138,184.956361
S0999.JPG,717883.991760,1606000.666889,185.028112
S1000.JPG,717897.430439,1605979.041259,184.873508
S1001.JPG,717910.602051,1605957.807599,184.642747
S1002.JPG,717924.215139,1605936.605845,184.641779
S1003.JPG,717937.202980,1605915.521864,184.583655
S1004.JPG,717950.454005,1605894.500459,184.515347
S1005.JPG,717964.004915,1605873.361690,184.430726
S1006.JPG,717977.366143,1605852.165838,184.378925
S1007.JPG,717991.165051,1605831.352427,184.447128
S1008.JPG,718004.814872,1605810.538173,184.318024
S1009.JPG,718018.215777,1605789.567820,184.330098
S1010.JPG,718031.747654,1605768.603342,184.563051
S1011.JPG,718044.834115,1605748.864011,184.536800
S1012.JPG,718067.846276,1605764.242487,184.506884
S1013.JPG,718053.803170,1605785.016151,184.506710
S1014.JPG,718040.305747,1605805.707368,184.359135
S1015.JPG,718026.738076,1605826.723864,184.230991
S1016.JPG,718013.225081,1605847.684230,184.148013
S1017.JPG,717999.968955,1605868.448128,184.059214
S1018.JPG,717986.489264,1605889.503085,184.086925
S1019.JPG,717972.945758,1605910.652901,184.053786
S1020.JPG,717959.558718,1605931.467030,184.132081
S1021.JPG,717946.020331,1605952.541224,184.279117
S1022.JPG,717932.652832,1605973.303275,184.399106
S1023.JPG,717919.178067,1605995.162049,184.450546
S1024.JPG,717905.923483,1606016.204670,184.399732
S1025.JPG,717892.874878,1606037.349737,184.226310
S1026.JPG,717879.590434,1606058.815051,184.458884
S1027.JPG,717866.085580,1606079.505173,184.507891
S1028.JPG,717852.811794,1606100.699566,184.563178
S1029.JPG,717839.409863,1606121.781019,184.589104
S1030.JPG,717825.840642,1606142.610704,184.598822
S1031.JPG,717812.287395,1606164.111496,184.492832
S1032.JPG,717798.885940,1606185.067762,184.409621
S1033.JPG,717785.641515,1606206.480388,184.346360
S1034.JPG,717772.489968,1606227.523858,184.349607
S1035.JPG,717759.072087,1606248.537045,184.356942
S1036.JPG,717745.833885,1606269.560750,184.377875
S1037.JPG,717732.430079,1606290.542256,184.352622
S1038.JPG,717718.882054,1606311.883990,184.323405
S1039.JPG,717705.280276,1606332.883456,184.204587
S1040.JPG,717691.635703,1606353.602439,184.165167
S1041.JPG,717678.262871,1606374.751025,184.144440
S1042.JPG,717664.636875,1606395.763501,184.189226
S1043.JPG,717651.160664,1606416.951789,184.193723
S1044.JPG,717637.697921,1606438.017143,184.246680
S1045.JPG,717624.261751,1606459.093836,184.350987
S1046.JPG,717610.775247,1606480.257431,184.337257
S1047.JPG,717597.452762,1606500.933669,184.300296
S1048.JPG,717583.830429,1606521.960395,184.307502
S1049.JPG,717570.268090,1606543.224227,184.445031
S1050.JPG,717556.932902,1606564.116281,184.389424
S1051.JPG,717543.346803,1606584.954124,184.347917
S1052.JPG,717186.656020,1606423.857853,184.322800
S1053.JPG,717201.200078,1606403.662179,184.484455
S1054.JPG,717215.729993,1606383.127257,184.627126
S1055.JPG,717229.806850,1606362.403540,184.629310
S1056.JPG,717243.482259,1606341.616354,184.592749
S1057.JPG,717257.232680,1606320.577162,184.394405
S1058.JPG,717270.252099,1606299.505987,184.375780
S1059.JPG,717283.487281,1606278.354757,184.499709
S1060.JPG,717296.787544,1606257.213915,184.590283
S1061.JPG,717309.989734,1606235.895323,184.594805
S1062.JPG,717323.161152,1606214.679536,184.538696
S1063.JPG,717336.286009,1606193.674844,184.711203
S1064.JPG,717349.423620,1606172.247014,184.727855
S1065.JPG,717362.563498,1606150.925269,184.656210
S1066.JPG,717375.512383,1606129.761551,184.551320
S1067.JPG,717388.651318,1606108.247410,184.519777
S1068.JPG,717401.724246,1606087.103287,184.472178
S1069.JPG,717415.142207,1606065.835850,184.501667
S1070.JPG,717428.396011,1606044.681444,184.616540
S1071.JPG,717441.462608,1606023.523027,184.592302
S1072.JPG,717454.797872,1606002.326490,184.642646
S1073.JPG,717467.852680,1605980.936761,184.483655
S1074.JPG,717481.343845,1605959.543844,184.408723
S1075.JPG,717494.308195,1605938.895022,184.387925
S1076.JPG,717507.527618,1605917.650566,184.398068
S1077.JPG,717521.409133,1605896.792921,184.471004
S1078.JPG,717535.295788,1605876.130236,184.504428
S1079.JPG,717549.188118,1605855.165629,184.385809
S1080.JPG,717563.012549,1605834.369014,184.296468
S1081.JPG,717576.625458,1605813.060725,184.566558
S1082.JPG,717590.081409,1605792.350569,184.760174
S1083.JPG,717603.820894,1605771.493473,184.706182
S1084.JPG,717617.299366,1605750.532698,184.772258
S1085.JPG,717630.507015,1605729.371830,184.615042
S1086.JPG,717643.754186,1605708.297176,184.276851
S1087.JPG,717657.018788,1605686.494005,184.111458
S1088.JPG,717670.108451,1605665.132951,184.254115
S1089.JPG,717683.519546,1605644.392828,184.356776
S1090.JPG,717696.792947,1605623.631054,184.088774
S1091.JPG,717710.430017,1605602.728270,184.173005
S1092.JPG,717724.331389,1605581.754451,184.441505
S1093.JPG,717733.984351,1605567.305792,184.577484
S1094.JPG,717756.825690,1605581.095574,184.045730
S1095.JPG,717743.043661,1605601.793638,184.091811
S1096.JPG,717729.074769,1605622.706403,184.155308
S1097.JPG,717715.906500,1605643.175023,184.525088
S1098.JPG,717702.271897,1605664.119955,184.591537
S1099.JPG,717688.954623,1605684.761766,183.956837
S1100.JPG,717675.142072,1605706.295411,183.741708
S1101.JPG,717661.681986,1605727.289478,184.144624
S1102.JPG,717648.254962,1605748.225095,184.326476
S1103.JPG,717634.962902,1605769.122540,184.309072
S1104.JPG,717621.810725,1605790.283972,184.454620
S1105.JPG,717608.431816,1605811.527285,184.579155
S1106.JPG,717595.454770,1605832.917479,184.250821
S1107.JPG,717582.284034,1605854.050073,184.235969
S1108.JPG,717568.837895,1605875.229014,184.389599
S1109.JPG,717555.542573,1605896.449923,184.262742
S1110.JPG,717542.472197,1605917.431601,184.184341
S1111.JPG,717529.172319,1605938.256748,184.168034
S1112.JPG,717515.784340,1605960.122462,184.322839
S1113.JPG,717502.630740,1605980.927998,184.613501
S1114.JPG,717489.372452,1606002.353785,184.790414
S1115.JPG,717475.902068,1606023.358977,184.783059
S1116.JPG,717462.723612,1606044.644768,184.640527
S1117.JPG,717449.650830,1606065.778287,184.326300
S1118.JPG,717436.733097,1606087.080149,184.165840
S1119.JPG,717423.253020,1606108.478396,184.328887
S1120.JPG,717409.657451,1606129.525755,184.562949
S1121.JPG,717396.274033,1606150.428376,184.280925
S1122.JPG,717382.610150,1606171.442895,184.316886
S1123.JPG,717369.044816,1606191.970968,184.404321
S1124.JPG,717355.192091,1606213.342745,184.306908
S1125.JPG,717341.511689,1606234.483896,184.165962
S1126.JPG,717327.898120,1606255.002154,184.089504
S1127.JPG,717314.346235,1606276.113349,183.946282
S1128.JPG,717300.800732,1606296.883023,184.166145
S1129.JPG,717287.183181,1606318.086474,184.399492
S1130.JPG,717273.396302,1606339.427549,184.549912
S1131.JPG,717260.195511,1606360.364972,184.460390
S1132.JPG,717246.802063,1606381.360851,184.425337
S1133.JPG,717233.520398,1606402.493557,184.363148
S1134.JPG,717220.096572,1606423.631698,184.295663
S1135.JPG,717237.673873,1606453.665421,184.356417
S1136.JPG,717250.681362,1606432.564876,184.105477
S1137.JPG,717264.166325,1606411.441252,184.170281
S1138.JPG,717277.575755,1606390.429690,184.343757
S1139.JPG,717290.895548,1606369.545364,184.814836
S1140.JPG,717304.460892,1606348.494990,184.713515
S1141.JPG,717318.021642,1606327.455068,184.496653
S1142.JPG,717331.689958,1606306.104981,184.427303
S1143.JPG,717344.756340,1606285.373061,184.400998
S1144.JPG,717358.271792,1606264.302218,184.265880
S1145.JPG,717371.600704,1606243.444052,184.118414
S1146.JPG,717385.205079,1606222.183225,184.283804
S1147.JPG,717398.707795,1606201.201650,184.340616
S1148.JPG,717412.526484,1606180.295201,184.612911
S1149.JPG,717426.242008,1606159.506386,184.827570
S1150.JPG,717440.182192,1606138.776911,184.845592
S1151.JPG,717454.030467,1606117.715424,184.532905
S1152.JPG,717467.587059,1606096.471997,184.599119
S1153.JPG,717480.841528,1606075.458676,184.593391
S1154.JPG,717494.129213,1606054.238379,184.275338
S1155.JPG,717507.117803,1606032.915598,184.361445
S1156.JPG,717519.674515,1606011.970956,184.503775
S1157.JPG,717533.024495,1605990.702762,184.370828
S1158.JPG,717546.853029,1605969.133127,184.452002
S1159.JPG,717559.969732,1605948.251342,184.507480
S1160.JPG,717574.062792,1605927.385035,184.550749
S1161.JPG,717588.069302,1605906.682020,184.735261
S1162.JPG,717601.636062,1605885.951282,184.206837
S1163.JPG,717615.299386,1605865.209160,184.220305
S1164.JPG,717628.936525,1605844.259757,184.494519
S1165.JPG,717642.527098,1605823.005117,184.590865
S1166.JPG,717655.718398,1605801.728676,184.802088
S1167.JPG,717668.536134,1605780.550393,184.748184
S1168.JPG,717681.723781,1605759.306047,184.309518
S1169.JPG,717694.906916,1605738.277594,184.061935
S1170.JPG,717708.372060,1605716.444758,184.234604
S1171.JPG,717722.157210,1605695.385728,184.331013
S1172.JPG,717735.714076,1605674.771405,184.346162
S1173.JPG,717749.442417,1605654.136137,184.474463
S1174.JPG,717762.413759,1605633.258302,184.139162
S1175.JPG,717776.006028,1605612.392611,184.120776
S1176.JPG,717706.128053,1605551.488489,184.411125
S1177.JPG,717693.172084,1605573.045574,183.916017
S1178.JPG,717680.285659,1605594.337860,183.750430
S1179.JPG,717667.562398,1605615.464969,183.965247
S1180.JPG,717654.357356,1605636.373011,183.956396
S1181.JPG,717641.123130,1605657.524670,184.439936
S1182.JPG,717627.537782,1605678.742326,184.306715
S1183.JPG,717614.003263,1605699.569236,184.048576
S1184.JPG,717600.612361,1605720.512615,184.172826
S1185.JPG,717586.924060,1605741.660824,184.189765
S1186.JPG,717573.188412,1605762.566852,184.172450
S1187.JPG,717559.848165,1605783.096077,184.080544
S1188.JPG,717546.023751,1605804.292719,184.110833
S1189.JPG,717532.510484,1605825.245718,184.114886
S1190.JPG,717518.925031,1605846.213079,184.178946
S1191.JPG,717505.589811,1605867.229475,184.292962
S1192.JPG,717491.920793,1605888.281704,184.267521
S1193.JPG,717478.277075,1605909.111875,184.368345
S1194.JPG,717464.908065,1605930.041203,184.231140
S1195.JPG,717451.820632,1605951.128946,184.232454
S1196.JPG,717438.183228,1605972.224344,184.219755
S1197.JPG,717424.691009,1605993.006171,184.091900
S1198.JPG,717411.224598,1606014.081447,184.072442
S1199.JPG,717397.637677,1606035.357431,183.990009
S1200.JPG,717384.214553,1606056.157963,184.200639
S1201.JPG,717370.635529,1606077.457985,184.303164
S1202.JPG,717357.244241,1606098.676504,184.280579
S1203.JPG,717343.792204,1606119.765780,184.247810
S1204.JPG,717330.434804,1606140.962833,184.278961
S1205.JPG,717317.037549,1606161.650456,184.410643
S1206.JPG,717303.311764,1606182.708345,184.451904
S1207.JPG,717289.848884,1606203.957192,184.494338
S1208.JPG,717276.320898,1606224.874376,184.448297
S1209.JPG,717262.708080,1606246.081614,184.316533
S1210.JPG,717249.312567,1606266.936244,184.107010
S1211.JPG,717236.106403,1606288.003410,184.117002
S1212.JPG,717222.504557,1606309.003683,184.129991
S1213.JPG,717208.756167,1606330.248469,184.112724
S1214.JPG,717195.435900,1606351.368197,184.188785
S1215.JPG,717182.002517,1606372.118167,184.245252
S1216.JPG,717168.567090,1606393.201167,184.222481
