imageName X Y Z Omega Phi Kappa
S0004.JPG 717396.814917 1605368.253190 184.428232 1.391466 1.847938 -160.063779
S0005.JPG 717383.954737 1605389.494141 184.537871 0.934226 2.145995 -159.979192
S0006.JPG 717370.790816 1605410.829827 184.514498 1.269272 0.920897 -160.517373
S0007.JPG 717357.910877 1605431.809143 184.334286 0.818239 2.648827 -160.662597
S0008.JPG 717344.759770 1605453.437653 183.911404 2.588836 1.982792 -160.144476
S0009.JPG 717331.443467 1605474.573456 183.829412 2.760091 2.750009 -158.326729
S0010.JPG 717317.821386 1605495.483539 184.217817 2.533029 2.683050 -156.873749
S0011.JPG 717304.281566 1605516.451475 184.571689 1.251941 3.541747 -157.861932
S0012.JPG 717290.949013 1605537.637743 185.212492 -0.166570 1.526697 -156.257580
S0013.JPG 717277.446341 1605558.638500 185.322589 -1.558527 1.565317 -158.099587
S0014.JPG 717264.179144 1605579.818139 184.552265 -0.196858 0.976892 -157.797502
S0015.JPG 717250.931055 1605600.891443 184.226024 0.264633 1.538829 -158.999715
S0016.JPG 717237.313821 1605621.694719 184.297283 -0.097360 1.346726 -157.222256
S0017.JPG 717223.583789 1605642.601580 184.014820 0.703247 2.919208 -159.336613
S0018.JPG 717209.998097 1605663.572073 183.666103 2.514804 2.053682 -160.961815
S0019.JPG 717196.281651 1605684.468319 183.892415 2.525869 2.526762 -158.327467
S0020.JPG 717182.684373 1605705.268620 184.176698 1.160272 3.673582 -156.598748
S0021.JPG 717169.255228 1605726.118161 184.373944 1.279292 3.711601 -157.101360
S0022.JPG 717155.698900 1605747.311967 184.512109 1.261610 2.548825 -159.404384
S0023.JPG 717142.249447 1605768.257335 184.656483 1.252972 2.225522 -160.843885
S0024.JPG 717128.583912 1605789.286045 184.479862 0.600819 1.914805 -159.518027
S0025.JPG 717115.040895 1605810.432293 184.563502 0.651530 2.522000 -159.251272
S0026.JPG 717101.523534 1605831.531031 184.597749 0.634019 2.094013 -159.025962
S0027.JPG 717087.936944 1605852.675403 184.671525 0.319746 1.860645 -157.947594
S0028.JPG 717074.214006 1605873.582856 184.907763 -0.652058 2.047140 -159.868037
S0029.JPG 717061.082295 1605894.599555 184.938308 -1.412891 1.237098 -159.923862
S0030.JPG 717047.830131 1605916.415944 184.487383 -0.294988 1.249353 -160.870141
S0031.JPG 717034.805604 1605937.629069 184.062882 1.243933 1.269438 -160.637254
S0032.JPG 717021.794088 1605958.758133 184.365031 1.123128 1.300258 -158.289979
S0033.JPG 717008.176124 1605980.188210 184.444553 0.721612 1.171717 -158.453191
S0034.JPG 716994.268551 1606001.006647 184.219952 1.378806 2.106911 -158.835269
S0035.JPG 716980.811641 1606021.808956 184.013459 1.869875 2.593747 -157.471950
S0036.JPG 716967.025320 1606042.658430 184.212572 2.215611 2.374095 -156.757020
S0037.JPG 716953.290474 1606063.579815 184.376435 2.235574 2.455653 -157.665011
S0038.JPG 716939.613569 1606084.549833 184.621301 1.095467 1.818785 -154.435429
S0039.JPG 716926.223951 1606105.263646 184.544053 -0.060417 2.053060 -154.965545
S0040.JPG 716912.622991 1606126.471775 184.925939 -1.949008 1.579693 -153.822156
S0041.JPG 716899.256218 1606147.446453 185.157890 -3.048834 0.986240 -155.326464
S0042.JPG 716886.109922 1606168.725752 184.489117 -2.012445 -0.614173 -150.171647
S0043.JPG 716872.257648 1606190.124138 183.923245 -1.248251 1.506816 -150.329246
S0044.JPG 716858.849740 1606211.305330 184.243655 -1.380413 1.683310 -153.213971
S0045.JPG 716869.039023 1606250.512926 184.992029 1.909786 -1.571392 42.152698
S0046.JPG 716882.791560 1606229.558191 184.830857 1.739970 -1.846040 43.901095
S0047.JPG 716896.152677 1606208.624280 184.469596 1.482484 -2.317670 44.240329
S0048.JPG 716909.594471 1606187.316502 184.458067 -0.381948 -1.668838 42.995760
S0049.JPG 716922.752495 1606166.353176 184.643892 0.793829 -1.289431 43.528373
S0050.JPG 716935.882488 1606144.983334 185.025325 1.683706 -0.557048 40.214344
S0051.JPG 716948.858388 1606123.863051 184.933667 1.875977 0.860338 40.926825
S0052.JPG 716962.128707 1606102.588724 184.826873 1.726521 0.431580 44.373814
S0053.JPG 716974.906535 1606081.352042 184.271808 0.084311 -0.511185 45.534224
S0054.JPG 716987.945895 1606059.858334 183.634130 -0.930304 -1.291804 48.582825
S0055.JPG 717001.467677 1606038.674372 183.663346 -1.841666 -2.715659 50.551304
S0056.JPG 717015.219974 1606017.949084 184.164967 -0.365967 -3.964397 49.159487
S0057.JPG 717029.255798 1605997.170966 184.865510 -0.270444 -1.872607 52.369824
S0058.JPG 717043.546770 1605976.915172 184.627899 1.006675 -3.171303 51.337335
S0059.JPG 717057.938706 1605956.102620 184.346650 -0.008323 -4.985204 50.966019
S0060.JPG 717072.077904 1605935.606753 184.846677 0.045024 -3.901319 51.577019
S0061.JPG 717086.409613 1605914.950205 184.952054 1.926797 -5.566388 45.299444
S0062.JPG 717099.766414 1605893.599600 185.498670 0.224592 -1.924582 43.631950
S0063.JPG 717112.856654 1605873.057170 185.386748 1.466429 -1.961267 44.884623
S0064.JPG 717126.006268 1605851.136388 185.020900 0.130305 -1.635196 45.548208
S0065.JPG 717138.795480 1605829.423257 184.070930 -0.950893 -0.767147 45.812929
S0066.JPG 717152.045070 1605808.643989 184.029599 -0.497063 -3.217649 48.041379
S0067.JPG 717165.672751 1605787.347110 184.215160 0.357962 -4.206021 49.409202
S0068.JPG 717179.253623 1605766.536368 184.447241 -0.727411 -3.153367 45.892024
S0069.JPG 717192.939963 1605745.639486 184.970066 0.291201 -0.830683 49.379131
S0070.JPG 717207.524560 1605725.363216 185.215333 4.565942 -3.811339 50.579236
S0071.JPG 717221.678511 1605704.623499 185.266132 3.547203 -2.043625 42.012464
S0072.JPG 717235.291454 1605683.535054 185.272678 3.602467 -0.690143 42.450135
S0073.JPG 717248.210801 1605662.398330 184.814503 2.121763 -0.256116 43.389919
S0074.JPG 717261.194451 1605640.996811 183.899584 0.465284 -1.433695 45.082572
S0075.JPG 717274.099199 1605619.701095 183.439641 -0.719750 -3.409297 44.753288
S0076.JPG 717286.995030 1605598.293203 183.821415 -1.100787 -3.457538 46.906370
S0077.JPG 717300.011728 1605577.040157 184.263306 -1.315010 -2.393844 45.869343
S0078.JPG 717313.255405 1605555.815253 184.648002 -0.234079 -2.052529 49.849237
S0079.JPG 717326.922595 1605534.912518 184.461312 -0.021344 -2.886552 50.586146
S0080.JPG 717340.812076 1605514.045296 184.529520 0.925831 -4.323851 49.993258
S0081.JPG 717354.556144 1605493.087068 184.804264 0.198650 -3.113796 49.775914
S0082.JPG 717368.201644 1605471.979708 184.589647 -0.314949 -2.163508 49.908453
S0083.JPG 717382.210081 1605451.190123 184.540258 1.621862 -3.928270 50.010981
S0084.JPG 717395.799539 1605430.250134 184.623354 1.225916 -3.675484 49.059395
S0085.JPG 717409.083984 1605409.142527 184.637663 0.616232 -2.636742 47.758070
S0086.JPG 717421.029479 1605390.599789 184.719816 0.538334 -1.810988 49.120189
S0087.JPG 717448.188508 1605398.458286 184.196247 0.189447 2.105759 -156.398210
S0088.JPG 717434.275666 1605419.050685 184.184524 -0.604194 2.173677 -155.530084
S0089.JPG 717419.995344 1605439.527819 183.866256 1.121499 3.783659 -159.598504
S0090.JPG 717406.372006 1605460.492069 183.816818 2.139572 3.323019 -159.320252
S0091.JPG 717392.701024 1605481.570089 184.013152 2.112061 3.152238 -158.366212
S0092.JPG 717379.021347 1605502.526570 184.444446 1.505483 3.187635 -159.559040
S0093.JPG 717365.439250 1605523.471156 184.338376 1.760217 3.770996 -158.984457
S0094.JPG 717352.017493 1605544.432470 184.182211 1.551661 3.845229 -159.113014
S0095.JPG 717338.722007 1605565.722188 184.586406 1.801073 3.244198 -160.329379
S0096.JPG 717325.633028 1605586.845742 184.665909 0.893015 2.263162 -158.776539
S0097.JPG 717312.434284 1605608.164940 184.203534 2.300466 2.953720 -161.354095
S0098.JPG 717299.407945 1605629.585552 184.158226 3.019478 1.488958 -159.607840
S0099.JPG 717286.146937 1605650.522675 184.117292 2.522281 3.516843 -158.805886
S0100.JPG 717272.835001 1605671.788094 183.993545 2.951776 3.450986 -160.897627
S0101.JPG 717259.756053 1605692.788209 184.386870 2.914031 2.874316 -159.072648
S0102.JPG 717246.355900 1605713.779396 184.359917 2.773658 3.256567 -159.272718
S0103.JPG 717232.957953 1605734.894360 184.279323 2.790448 3.862344 -158.301661
S0104.JPG 717219.628079 1605756.084102 184.228536 3.312895 3.224919 -158.834068
S0105.JPG 717206.422200 1605777.143320 184.966771 1.193940 2.499469 -159.185754
S0106.JPG 717193.172831 1605798.369962 184.832696 1.416946 2.306861 -160.955148
S0107.JPG 717179.709075 1605819.740560 184.657032 1.967608 2.812306 -159.487254
S0108.JPG 717166.316257 1605840.498259 184.445922 1.550863 3.450947 -160.827560
S0109.JPG 717153.264721 1605862.122975 184.346939 1.536549 1.889633 -158.835997
S0110.JPG 717139.829435 1605882.988446 184.263300 1.883530 2.581160 -160.209306
S0111.JPG 717126.233542 1605904.199355 184.300497 1.450336 2.296593 -157.517296
S0112.JPG 717112.516465 1605925.020876 184.281558 1.895617 3.888508 -159.170454
S0113.JPG 717098.890045 1605946.158441 184.509246 2.497759 3.445750 -158.981868
S0114.JPG 717085.297809 1605967.024016 184.702102 1.589518 3.521401 -159.589228
S0115.JPG 717071.454793 1605987.885911 184.700098 1.538010 3.710002 -160.711355
S0116.JPG 717057.940313 1606008.944246 184.674025 1.175832 3.495310 -159.983913
S0117.JPG 717044.437408 1606029.698501 184.718116 0.912691 3.501627 -159.875326
S0118.JPG 717031.036961 1606051.424516 185.136029 -0.899180 1.312731 -161.981063
S0119.JPG 717017.925852 1606072.399071 184.877896 -0.367672 0.556794 -156.616810
S0120.JPG 717004.459313 1606093.795193 184.185501 0.088251 2.663135 -157.926097
S0121.JPG 716991.223184 1606114.929934 184.214443 -0.495806 1.841937 -155.707444
S0122.JPG 716978.034192 1606136.122392 184.257558 0.493651 1.425895 -156.539084
S0123.JPG 716965.004951 1606156.963348 184.434551 0.443755 1.106195 -156.850945
S0124.JPG 716951.784778 1606178.393046 184.511797 -0.483356 1.380461 -155.914246
S0125.JPG 716938.092883 1606199.229414 184.413510 0.400834 1.864704 -158.963419
S0126.JPG 716924.635084 1606220.499411 184.589665 -0.461918 1.270115 -157.789234
S0127.JPG 716911.162228 1606241.395992 184.527528 -1.542261 1.883309 -160.169684
S0128.JPG 716897.757639 1606262.578610 183.931649 0.331709 1.319381 -160.082442
S0129.JPG 716917.652522 1606288.370448 184.758137 0.259013 -1.640723 42.309600
S0130.JPG 716930.519982 1606266.932882 185.265970 1.683834 -0.159557 43.761581
S0131.JPG 716943.783388 1606245.558754 184.697449 1.058983 -1.419741 44.084559
S0132.JPG 716956.789476 1606224.524209 184.490388 0.357392 -1.073790 46.063352
S0133.JPG 716969.974110 1606203.165533 184.326297 0.841385 -1.949470 46.597274
S0134.JPG 716983.196008 1606181.774163 184.363462 0.058174 -1.698937 46.224901
S0135.JPG 716996.270658 1606160.751638 184.881992 0.563826 -0.537328 42.562553
S0136.JPG 717009.747279 1606139.840277 185.424069 1.768046 0.750048 44.275599
S0137.JPG 717023.053760 1606118.927838 185.216556 2.010754 0.046115 44.417849
S0138.JPG 717036.197576 1606097.874739 183.872315 -0.257877 -1.273853 45.234105
S0139.JPG 717049.088314 1606076.596451 182.881572 -2.576723 -4.672414 47.025260
S0140.JPG 717062.593496 1606055.065319 183.040609 -4.553251 -4.788228 47.817146
S0141.JPG 717076.510783 1606034.451631 183.915597 -1.319903 -5.331308 52.640005
S0142.JPG 717091.131903 1606013.818102 184.732266 -0.797050 -4.768796 52.266282
S0143.JPG 717105.740614 1605993.640248 185.293973 0.956078 -4.497227 52.439133
S0144.JPG 717120.316667 1605973.090547 185.341554 1.223819 -3.779619 50.485865
S0145.JPG 717134.534264 1605952.536253 185.557126 3.349629 -4.863315 49.771411
S0146.JPG 717147.949717 1605931.756188 185.832712 1.819066 -1.852993 43.612648
S0147.JPG 717161.020996 1605910.142847 185.171350 0.804393 -0.910369 44.286968
S0148.JPG 717173.788018 1605888.778355 184.864007 1.063683 -0.428013 43.649065
S0149.JPG 717186.324254 1605867.290948 184.384678 -0.762478 -0.830403 46.436822
S0150.JPG 717199.679489 1605846.133973 184.103084 0.283642 -2.402882 48.574552
S0151.JPG 717212.968094 1605824.785600 184.378304 0.461881 -2.449888 47.479431
S0152.JPG 717226.385473 1605803.662686 184.709901 0.988452 -1.838775 47.745028
S0153.JPG 717239.776301 1605782.441483 184.580134 0.877813 -1.131165 48.242863
S0154.JPG 717253.342307 1605761.296865 184.537089 0.149521 -1.621336 50.146548
S0155.JPG 717266.610645 1605740.212739 184.203468 0.176888 -2.314013 50.611050
S0156.JPG 717280.158426 1605719.499860 184.179536 0.060479 -3.202218 50.064792
S0157.JPG 717293.839753 1605698.561436 184.522013 -0.304345 -3.271685 49.196279
S0158.JPG 717307.410264 1605677.764981 184.441137 -0.037262 -3.493381 50.447820
S0159.JPG 717321.169100 1605656.976787 184.234264 0.083676 -4.603181 47.575765
S0160.JPG 717334.724630 1605635.798303 185.202678 1.099331 -2.476131 49.610507
S0161.JPG 717348.498360 1605614.974537 185.010297 1.544902 -2.258119 45.306040
S0162.JPG 717361.953066 1605593.871891 185.147832 0.563661 -1.182998 47.942688
S0163.JPG 717375.423870 1605572.753447 184.862219 1.919070 -1.469284 44.254544
S0164.JPG 717388.719196 1605551.640743 184.934343 1.232777 -1.008698 44.895837
S0165.JPG 717401.973659 1605530.340109 184.765142 0.992229 -0.692001 44.242719
S0166.JPG 717415.186093 1605509.033811 184.662867 0.803291 -0.606901 40.833114
S0167.JPG 717428.428404 1605487.701588 184.641561 0.554172 0.202902 43.317756
S0168.JPG 717441.679651 1605466.393097 184.433159 0.844033 -0.939501 43.050717
S0169.JPG 717455.272214 1605445.419832 184.202909 0.528682 -1.303704 43.101833
S0170.JPG 717468.761987 1605424.419225 184.081881 0.576452 -2.231887 44.604204
S0171.JPG 717499.222660 1605428.423888 184.184146 -0.400468 3.348908 -154.987217
S0172.JPG 717485.456410 1605449.256306 184.079586 0.275307 2.939741 -155.859822
S0173.JPG 717471.774868 1605469.976273 184.111554 1.384649 3.247555 -156.737580
S0174.JPG 717458.136128 1605491.303226 184.374457 0.459759 2.973058 -157.490085
S0175.JPG 717444.789278 1605512.146244 184.656001 -0.043855 1.446074 -155.660348
S0176.JPG 717431.480831 1605533.325356 184.565619 -1.343390 2.297903 -155.770153
S0177.JPG 717418.437792 1605554.623685 184.341408 0.053132 1.764235 -156.311798
S0178.JPG 717405.209143 1605576.037856 184.079836 0.863034 2.149480 -155.345506
S0179.JPG 717391.969602 1605597.090574 184.014206 1.472733 2.499744 -154.681997
S0180.JPG 717378.770926 1605618.290244 184.327376 1.456391 2.011075 -154.135545
S0181.JPG 717365.409036 1605639.474090 184.667458 -0.046940 2.100188 -154.243098
S0182.JPG 717351.929598 1605660.441894 184.468081 -0.379505 2.218237 -155.137722
S0183.JPG 717338.716795 1605681.559644 184.286917 0.436388 2.119266 -155.002204
S0184.JPG 717325.033952 1605702.466260 183.988223 1.488361 3.518781 -156.636924
S0185.JPG 717311.800487 1605723.674851 183.999474 2.620283 2.683024 -156.309882
S0186.JPG 717298.482332 1605744.558589 184.915016 -0.176307 2.366728 -153.970406
S0187.JPG 717284.875465 1605765.513563 185.002757 0.265377 2.793886 -156.539430
S0188.JPG 717270.978356 1605786.692941 184.780523 -0.525964 3.432438 -158.845321
S0189.JPG 717257.988920 1605807.559893 184.614322 -0.103763 2.045211 -157.747082
S0190.JPG 717244.351856 1605828.624886 184.556205 -0.211489 2.259415 -157.304026
S0191.JPG 717230.944652 1605849.912554 184.097546 1.180121 2.470310 -158.970727
S0192.JPG 717217.814006 1605871.168229 183.950330 1.695448 1.822801 -158.029942
S0193.JPG 717204.366513 1605892.496934 184.072146 1.970464 3.594051 -158.448562
S0194.JPG 717191.100738 1605913.359549 184.352519 1.228803 2.292722 -156.813085
S0195.JPG 717177.455560 1605934.299786 184.254922 1.771669 3.237149 -159.355465
S0196.JPG 717163.932207 1605955.409732 184.505444 1.210809 3.447315 -157.133612
S0197.JPG 717150.134992 1605976.219318 184.674456 1.186270 3.516144 -158.344210
S0198.JPG 717136.803040 1605997.160040 185.247600 0.097714 2.465219 -159.168328
S0199.JPG 717123.515230 1606018.416634 185.114279 -0.868028 2.078644 -158.368317
S0200.JPG 717110.434047 1606039.646474 184.793863 -0.332216 0.884834 -155.409112
S0201.JPG 717096.846422 1606061.030639 183.960347 -0.298790 2.594454 -156.743007
S0202.JPG 717083.368506 1606082.413004 183.737210 1.542017 2.734794 -156.427532
S0203.JPG 717070.184997 1606103.681261 184.320769 0.433495 1.341974 -155.420052
S0204.JPG 717056.764003 1606124.603025 184.516132 -0.377298 1.788473 -154.952552
S0205.JPG 717043.448467 1606145.459583 184.148297 0.238394 2.491505 -154.618236
S0206.JPG 717029.948326 1606166.118992 184.430921 0.636080 2.481739 -156.231169
S0207.JPG 717016.343896 1606187.483027 185.211274 -1.671328 1.057376 -156.593661
S0208.JPG 717002.910352 1606208.481264 185.071527 -1.398435 0.398920 -156.298296
S0209.JPG 716989.082265 1606229.315606 184.116204 -0.795001 1.527451 -158.369363
S0210.JPG 716975.666890 1606250.466609 183.583381 0.839664 2.158275 -157.617375
S0211.JPG 716962.212279 1606271.612723 183.544226 2.229453 2.293504 -157.742360
S0212.JPG 716948.387329 1606292.477088 183.652151 2.053363 3.197343 -156.885848
S0213.JPG 716968.411757 1606318.517839 184.949536 0.271845 -0.115374 47.893166
S0214.JPG 716981.357870 1606297.183354 184.629176 1.625758 -0.796449 45.864111
S0215.JPG 716995.049126 1606275.770750 184.664483 0.579128 -1.445807 45.807018
S0216.JPG 717007.997772 1606254.834338 184.475751 0.226387 -0.765814 45.084907
S0217.JPG 717021.277524 1606233.826987 184.047937 -0.788751 -2.550810 45.632132
S0218.JPG 717034.554025 1606212.514535 184.075606 -0.931648 -2.410016 41.989787
S0219.JPG 717047.557867 1606191.180262 183.927439 -1.738560 -2.177674 42.425126
S0220.JPG 717060.993050 1606170.409546 184.053203 -0.610881 -2.005426 45.104575
S0221.JPG 717074.664598 1606149.513872 184.323919 0.358941 -3.616002 44.056560
S0222.JPG 717088.362214 1606128.482642 184.496482 0.730212 -2.762553 44.373841
S0223.JPG 717102.070277 1606107.511380 184.685273 0.296976 -1.747205 46.724328
S0224.JPG 717115.936387 1606086.737998 184.386152 1.577237 -3.116183 47.905740
S0225.JPG 717130.055448 1606066.125404 184.070679 0.070854 -3.899309 46.852503
S0226.JPG 717143.840846 1606044.968712 184.166231 0.337268 -3.653196 48.706948
S0227.JPG 717157.306898 1606024.027605 184.516835 0.456997 -3.224434 48.232200
S0228.JPG 717171.050025 1606002.922520 184.901953 0.811819 -2.082549 46.109924
S0229.JPG 717184.297487 1605981.961457 184.717963 0.808493 -2.791936 45.957137
S0230.JPG 717198.178193 1605960.967999 184.492215 0.641228 -2.183613 45.822133
S0231.JPG 717211.255662 1605940.108006 184.793822 0.753143 -1.809158 44.609117
S0232.JPG 717224.641419 1605918.695346 184.829999 0.984554 -0.700871 46.287839
S0233.JPG 717237.973291 1605897.578786 184.397047 0.063414 -1.699968 46.393305
S0234.JPG 717251.045703 1605876.419918 184.087752 -0.250479 -2.286631 48.327676
S0235.JPG 717264.582452 1605855.107382 184.152213 -0.644928 -3.236325 46.579414
S0236.JPG 717277.848558 1605834.248038 184.400908 -0.326517 -1.666828 48.172002
S0237.JPG 717291.385706 1605813.095676 184.366383 0.645272 -2.791452 46.889280
S0238.JPG 717305.402551 1605792.176434 184.655357 1.619681 -2.068824 45.633223
S0239.JPG 717318.954612 1605771.234346 185.208770 2.616135 -0.172071 48.726984
S0240.JPG 717332.419742 1605750.138643 184.749017 3.207609 -0.540210 45.948668
S0241.JPG 717345.916784 1605729.285231 184.672255 2.464334 -1.004187 44.081130
S0242.JPG 717358.949816 1605708.159829 185.215841 1.889275 2.342560 45.996783
S0243.JPG 717372.193984 1605687.042602 184.716643 2.001234 0.824471 45.529926
S0244.JPG 717385.461723 1605665.880885 184.029387 1.475717 -0.734339 45.696129
S0245.JPG 717398.776519 1605644.564474 183.713331 -0.300769 -1.522059 46.441853
S0246.JPG 717411.965745 1605623.240371 183.774623 -0.402766 -2.050978 49.199771
S0247.JPG 717425.322857 1605602.482815 183.746457 -1.481833 -3.418067 49.159211
S0248.JPG 717439.198500 1605581.041459 183.700237 -1.454439 -4.710428 45.602161
S0249.JPG 717452.719091 1605560.225873 184.680593 -0.902498 -2.724372 51.318969
S0250.JPG 717466.567315 1605539.461993 185.189966 1.836612 -1.599516 52.314139
S0251.JPG 717480.701087 1605518.572819 184.651334 1.672217 -1.641044 51.063613
S0252.JPG 717494.513840 1605497.802732 184.752328 1.809543 -2.320348 50.082048
S0253.JPG 717507.984620 1605476.706037 184.980229 1.713223 -1.444329 48.805837
S0254.JPG 717521.424920 1605455.371252 184.949925 3.364746 -0.586283 45.157680
S0255.JPG 717552.540913 1605459.873782 182.967078 2.309751 3.440422 -155.146442
S0256.JPG 717538.321969 1605480.416699 183.877667 1.148497 2.770808 -152.558346
S0257.JPG 717523.984300 1605501.195207 184.888345 -1.155571 2.163683 -156.189798
S0258.JPG 717509.798273 1605521.633094 185.067310 -2.274810 2.073797 -157.828570
S0259.JPG 717495.704603 1605542.142433 184.528218 -0.854376 3.021991 -161.229564
S0260.JPG 717482.066957 1605563.261097 184.226114 0.027092 2.237917 -161.380866
S0261.JPG 717468.513610 1605584.360497 184.150354 0.459781 2.835389 -162.461486
S0262.JPG 717455.201537 1605605.341112 183.886842 1.489264 2.442064 -160.225775
S0263.JPG 717441.859179 1605626.520667 184.034281 1.323031 3.264542 -161.022137
S0264.JPG 717428.652851 1605647.763914 184.274174 1.475594 2.582415 -161.233926
S0265.JPG 717415.453511 1605668.991106 184.480870 0.677921 2.740264 -160.154661
S0266.JPG 717402.393923 1605690.327521 184.860886 -0.191855 1.688593 -161.372685
S0267.JPG 717389.258838 1605711.623909 184.821558 -0.605885 1.831879 -162.935134
S0268.JPG 717376.188938 1605732.629285 184.406998 -0.412363 1.548205 -161.282418
S0269.JPG 717362.926309 1605753.919759 184.024683 0.525628 2.399714 -162.128862
S0270.JPG 717349.742775 1605775.088580 184.047596 0.851757 2.038698 -162.358031
S0271.JPG 717336.774590 1605796.189862 184.349770 0.631896 1.213051 -160.329025
S0272.JPG 717323.271889 1605817.394550 184.273792 1.759920 3.042175 -161.123794
S0273.JPG 717309.912692 1605838.427731 184.398482 0.240236 2.365089 -161.588170
S0274.JPG 717296.844978 1605859.905892 184.797135 -0.893771 1.106132 -157.179055
S0275.JPG 717283.686525 1605881.245885 184.479752 0.328979 2.257608 -159.654077
S0276.JPG 717270.623953 1605902.519318 184.286549 0.570003 1.371245 -158.221195
S0277.JPG 717257.368563 1605923.459985 183.992799 1.832032 1.827334 -158.780593
S0278.JPG 717243.706859 1605944.906629 184.326348 0.650407 1.551656 -154.391512
S0279.JPG 717229.999786 1605965.359259 184.373002 0.712683 2.739102 -158.135130
S0280.JPG 717216.338672 1605986.399693 184.874301 0.015732 2.447155 -157.504387
S0281.JPG 717202.766710 1606007.391756 184.393179 0.307268 1.313961 -154.142610
S0282.JPG 717189.147736 1606028.118006 184.278344 0.497261 2.929913 -154.719162
S0283.JPG 717175.352540 1606049.157523 184.339102 -0.097237 2.675337 -152.176051
S0284.JPG 717161.477014 1606070.039155 184.563836 0.785278 2.117138 -152.924700
S0285.JPG 717147.592331 1606090.811603 184.687793 -0.895885 2.926054 -154.160358
S0286.JPG 717133.851103 1606111.560227 184.973761 -1.537408 2.643417 -155.163648
S0287.JPG 717120.285211 1606132.570385 184.682039 -0.885004 2.327377 -155.819026
S0288.JPG 717106.490581 1606153.828521 184.262329 -0.292742 2.572810 -159.786328
S0289.JPG 717093.086501 1606174.815241 184.155496 1.042252 1.944418 -159.610449
S0290.JPG 717080.066723 1606196.100471 184.026550 0.757249 2.097784 -159.353471
S0291.JPG 717066.681873 1606217.249629 183.898988 1.390028 2.017741 -158.162032
S0292.JPG 717053.293725 1606238.461016 184.145708 0.908059 2.487875 -155.177346
S0293.JPG 717039.954362 1606259.583569 184.328943 0.630621 2.330473 -155.703900
S0294.JPG 717026.663328 1606280.692227 184.570720 0.330756 2.083644 -157.236222
S0295.JPG 717013.381121 1606301.828587 184.446839 1.277406 1.689523 -157.676064
S0296.JPG 716999.966285 1606323.004972 183.882334 1.820263 2.574228 -155.443678
S0297.JPG 717019.941639 1606348.960652 184.678044 0.359948 -2.652328 44.938135
S0298.JPG 717033.314869 1606327.796651 185.069275 0.944321 -1.096004 45.168305
S0299.JPG 717046.906062 1606306.856092 184.429978 1.453529 -1.809964 44.511781
S0300.JPG 717060.401457 1606285.436606 184.169153 -0.011491 -2.344441 44.578398
S0301.JPG 717073.416490 1606264.507153 184.057525 -1.159846 -2.448062 47.083133
S0302.JPG 717086.698279 1606243.143751 184.022250 -1.154017 -3.203422 45.987987
S0303.JPG 717099.752312 1606222.046798 184.188074 -0.837567 -2.341412 48.581463
S0304.JPG 717113.453930 1606201.138975 184.143993 -0.417703 -3.194382 49.527290
S0305.JPG 717127.490146 1606180.469558 183.939636 -0.410226 -4.492718 49.361963
S0306.JPG 717141.254606 1606159.740130 184.193508 0.236613 -4.018880 49.070678
S0307.JPG 717155.100981 1606138.867282 184.675439 0.800718 -3.279045 48.826959
S0308.JPG 717168.896474 1606117.918279 184.755424 0.826684 -2.752686 47.663989
S0309.JPG 717182.354409 1606096.880763 184.772522 0.128651 -2.868405 46.428198
S0310.JPG 717195.878588 1606075.788046 184.838158 0.942521 -1.986272 46.074408
S0311.JPG 717209.543696 1606054.791419 184.844344 1.419426 -1.661903 46.821406
S0312.JPG 717222.920045 1606033.515750 184.684630 1.054400 -1.815675 47.042486
S0313.JPG 717236.224219 1606012.429927 184.531063 0.826041 -1.981368 47.368873
S0314.JPG 717249.606011 1605991.330483 184.414976 1.293402 -1.967260 46.670764
S0315.JPG 717262.723512 1605970.117966 184.491939 0.556239 -1.806930 46.446160
S0316.JPG 717275.887265 1605949.037696 184.502434 0.652918 -1.603248 48.229849
S0317.JPG 717288.927703 1605927.842923 184.001819 -1.378632 -2.771068 47.714439
S0318.JPG 717302.498719 1605906.826222 184.084996 -0.804452 -3.237202 47.901599
S0319.JPG 717315.903401 1605885.701237 184.406001 -0.600403 -3.325446 48.805598
S0320.JPG 717329.370064 1605864.538332 184.635580 0.030651 -2.264732 49.178458
S0321.JPG 717342.936430 1605843.548704 184.589975 0.490795 -2.307085 49.759493
S0322.JPG 717356.685593 1605822.616187 184.599538 -0.164834 -2.714190 51.157137
S0323.JPG 717370.367965 1605801.864031 184.799298 1.898592 -2.466053 50.467243
S0324.JPG 717384.347513 1605781.038452 184.458555 1.422815 -2.755807 49.314826
S0325.JPG 717397.915209 1605760.040360 184.384916 0.493168 -3.163164 48.885348
S0326.JPG 717411.467345 1605739.209238 184.537068 1.306856 -2.662317 46.312149
S0327.JPG 717425.101244 1605718.129951 184.484295 -0.184303 -3.016535 43.170999
S0328.JPG 717438.445643 1605697.073134 184.486411 0.121316 -2.541140 44.243036
S0329.JPG 717451.907788 1605675.907223 184.487763 0.925760 -3.256980 44.400543
S0330.JPG 717465.225312 1605654.701778 184.711425 0.779794 -2.135879 44.548402
S0331.JPG 717478.546346 1605633.415910 184.625140 0.201739 -2.014496 43.600658
S0332.JPG 717492.063023 1605612.392362 184.435795 0.441898 -2.382480 44.287600
S0333.JPG 717505.307536 1605591.369099 184.729385 1.122390 -1.663544 45.213370
S0334.JPG 717519.070890 1605570.298719 184.664447 1.461372 -1.886531 44.026578
S0335.JPG 717532.674328 1605549.315729 184.505042 1.000813 -2.399319 42.833500
S0336.JPG 717546.075467 1605528.069546 184.321260 0.619258 -2.361727 41.729740
S0337.JPG 717559.285756 1605506.912643 184.577877 0.662780 -1.645154 42.330716
S0338.JPG 717572.508233 1605485.793825 184.669017 1.593499 -1.049040 45.605724
S0339.JPG 717602.886849 1605489.632516 183.981005 -0.403354 2.760512 -150.964638
S0340.JPG 717589.105879 1605510.345512 183.681524 1.412536 2.930199 -153.511822
S0341.JPG 717575.260059 1605531.235690 183.672115 1.849527 3.534269 -153.701133
S0342.JPG 717561.650591 1605552.328886 184.064984 1.203273 2.821943 -151.375843
S0343.JPG 717548.007386 1605573.055994 184.286007 1.782785 4.280430 -152.392481
S0344.JPG 717534.288057 1605593.968490 184.797427 1.460369 3.576230 -155.848442
S0345.JPG 717520.612312 1605614.978013 184.994184 -0.200654 3.271582 -156.657214
S0346.JPG 717507.189476 1605636.158364 184.683839 0.595208 2.705608 -160.079715
S0347.JPG 717493.996053 1605657.206963 184.535255 0.331005 2.223179 -157.928890
S0348.JPG 717480.672771 1605678.376960 184.203367 0.672741 2.529208 -158.642345
S0349.JPG 717467.533774 1605699.738482 184.152490 1.322211 2.388587 -157.877885
S0350.JPG 717454.281645 1605720.940106 184.504431 0.706484 2.267592 -157.893751
S0351.JPG 717441.025198 1605742.275948 184.598676 0.381033 2.276558 -158.730354
S0352.JPG 717427.976126 1605763.375796 184.567584 0.518718 1.524325 -159.442348
S0353.JPG 717414.803058 1605784.670855 184.643933 -0.243185 1.867295 -158.515371
S0354.JPG 717401.609143 1605805.781115 184.451243 -0.110117 2.078344 -158.921292
S0355.JPG 717388.526531 1605826.740273 184.422645 0.076678 1.501143 -159.949400
S0356.JPG 717375.455815 1605848.263627 184.100419 0.656033 1.666393 -159.030390
S0357.JPG 717362.106511 1605869.371263 183.878272 1.720127 2.059238 -158.688901
S0358.JPG 717348.654651 1605890.401386 184.083268 1.626966 2.619481 -158.728791
S0359.JPG 717335.005614 1605911.715316 184.028379 1.942149 2.741469 -158.264319
S0360.JPG 717321.640646 1605932.500363 184.214704 1.813374 2.947734 -157.925217
S0361.JPG 717307.993071 1605953.348038 184.508155 2.073755 2.677613 -157.644444
S0362.JPG 717294.051911 1605974.112010 184.740435 -0.367073 3.832285 -156.043059
S0363.JPG 717280.432533 1605995.024522 184.513336 1.282584 3.090686 -157.582889
S0364.JPG 717266.991466 1606016.112925 184.812454 0.757725 2.748771 -156.039220
S0365.JPG 717253.460631 1606037.087129 184.726664 -0.319718 2.446441 -156.064729
S0366.JPG 717240.064381 1606058.243214 184.581884 0.362893 2.604174 -157.886870
S0367.JPG 717226.790477 1606079.426669 184.409970 0.614846 2.516621 -157.563845
S0368.JPG 717213.478449 1606100.768543 184.219818 1.367875 2.128399 -158.093354
S0369.JPG 717200.152422 1606122.098713 184.198365 0.751327 2.032441 -156.235958
S0370.JPG 717186.932771 1606143.083129 184.074038 1.571729 2.482721 -155.434387
S0371.JPG 717173.406649 1606163.933970 184.233071 1.476867 2.751179 -154.567030
S0372.JPG 717159.735313 1606184.900463 184.402201 1.176259 2.902568 -154.806564
S0373.JPG 717146.111743 1606205.879616 184.421033 0.260801 2.951680 -155.982562
S0374.JPG 717132.552675 1606227.090842 184.577700 0.611829 2.234790 -156.044821
S0375.JPG 717118.980445 1606248.150940 184.534767 0.012495 2.071242 -155.629811
S0376.JPG 717105.633110 1606269.054027 184.448216 0.338425 2.258088 -155.608702
S0377.JPG 717092.160067 1606289.940730 184.307197 0.467783 2.157240 -155.837749
S0378.JPG 717078.659359 1606311.205235 184.238086 0.579280 2.437052 -155.153729
S0379.JPG 717065.147248 1606332.362558 184.225296 0.586521 2.461744 -156.460378
S0380.JPG 717051.791006 1606353.328453 184.020462 1.429546 2.391849 -155.443041
S0381.JPG 717071.737686 1606379.331615 184.248916 0.303864 -2.424533 43.667118
S0382.JPG 717084.839127 1606358.080290 184.162144 -0.308767 -2.014225 44.043322
S0383.JPG 717098.109335 1606336.785700 184.301823 -0.033500 -2.049913 44.455385
S0384.JPG 717111.319295 1606315.831789 184.147422 -0.448595 -2.358575 44.635370
S0385.JPG 717124.780168 1606294.663024 184.195804 -0.228510 -2.836238 43.909498
S0386.JPG 717138.258648 1606273.596798 184.463788 -0.696162 -2.487400 44.117694
S0387.JPG 717019.821831 1606348.701790 184.516319 0.237228 -2.001136 46.354936
S0388.JPG 717033.071795 1606327.600750 184.705780 0.824363 -1.778046 46.656950
S0389.JPG 717046.526361 1606306.434802 184.743917 1.386160 -1.243066 47.336498
S0390.JPG 717060.020314 1606285.354625 184.598865 1.314401 -1.497488 48.052021
S0391.JPG 717073.441671 1606264.477914 184.446283 0.590240 -1.742858 46.948079
S0392.JPG 717086.845917 1606243.416646 184.316387 0.119379 -2.573320 45.013591
S0393.JPG 717100.301149 1606222.234045 184.200958 -0.100487 -2.736138 44.110358
S0394.JPG 717113.598634 1606201.149484 184.324102 -0.617314 -2.007480 46.778175
S0395.JPG 717127.094385 1606180.130080 184.476000 1.186754 -3.274364 47.102787
S0396.JPG 717140.623638 1606159.482185 184.415110 0.326885 -2.884435 45.750971
S0397.JPG 717154.428425 1606138.107094 184.459295 -0.154291 -2.924723 45.857749
S0398.JPG 717168.006952 1606116.990639 184.648556 -0.346640 -2.557483 46.220082
S0399.JPG 717181.537532 1606096.206831 184.729609 0.418933 -3.014695 47.330519
S0400.JPG 717195.119627 1606075.260409 184.648167 -0.877852 -2.096930 47.714740
S0401.JPG 717208.868879 1606054.471807 184.659983 0.885658 -3.568289 44.714202
S0402.JPG 717222.254024 1606033.373387 184.689386 0.347990 -2.351911 46.677329
S0403.JPG 717235.780581 1606012.189040 184.904964 1.092719 -1.692419 46.767540
S0404.JPG 717249.137541 1605991.063503 184.885642 1.176300 -1.400615 46.313326
S0405.JPG 717262.461416 1605969.992561 184.809887 0.677216 -1.620615 43.193932
S0406.JPG 717275.668258 1605948.767789 184.966063 0.791707 -0.454942 43.203588
S0407.JPG 717288.881351 1605927.529196 184.528008 0.813390 -1.278417 43.756782
S0408.JPG 717301.966413 1605906.394863 184.162408 -0.341933 -1.687277 44.590836
S0409.JPG 717315.281536 1605885.122769 184.422134 -0.699217 -1.138053 45.176442
S0410.JPG 717328.669042 1605863.999944 184.485514 0.176088 -1.604158 46.343187
S0411.JPG 717342.257867 1605843.094391 184.608777 0.166803 -1.295184 47.680937
S0412.JPG 717355.869622 1605822.120994 184.618553 0.337006 -1.698946 48.322205
S0413.JPG 717369.707174 1605801.159376 184.619479 2.104280 -2.398756 47.390787
S0414.JPG 717383.248114 1605780.285236 184.778472 1.441499 -0.629743 47.200007
S0415.JPG 717396.812659 1605759.388240 184.590120 1.465504 -1.488792 46.048999
S0416.JPG 717410.180451 1605738.305856 184.066676 0.356319 -1.947893 46.352290
S0417.JPG 717423.620570 1605717.100644 184.124022 -0.186138 -2.174009 45.867841
S0418.JPG 717437.055032 1605696.100457 184.629496 0.896375 -2.120993 48.452988
S0419.JPG 717450.465422 1605674.967840 184.798787 1.008737 -1.006708 47.746779
S0420.JPG 717464.061411 1605653.869574 184.741746 0.528871 -1.201290 46.100303
S0421.JPG 717477.607733 1605632.887178 184.659031 0.773784 -1.673792 47.405699
S0422.JPG 717491.243380 1605612.037235 184.653205 1.126321 -1.385124 46.909696
S0423.JPG 717505.046821 1605591.150462 184.535859 1.476170 -1.466782 48.424114
S0424.JPG 717518.789298 1605570.218044 184.491043 0.760768 -1.723726 45.930086
S0425.JPG 717532.400903 1605549.188058 184.554618 0.826182 -1.479227 46.147960
S0426.JPG 717546.011892 1605528.017294 184.619485 1.154871 -1.653889 44.476339
S0427.JPG 717559.573281 1605506.892101 184.652925 1.520571 -1.274389 43.407729
S0428.JPG 717572.876376 1605485.714476 184.557218 1.513433 -1.228798 44.052915
S0429.JPG 717602.686850 1605489.360493 184.067335 0.917051 3.531925 -157.554664
S0430.JPG 717588.955982 1605510.156769 184.742767 -0.264209 2.321432 -160.437488
S0431.JPG 717575.562181 1605531.383756 184.961215 -1.392274 1.921711 -158.302534
S0432.JPG 717562.388928 1605552.789754 184.704519 -1.621028 1.266367 -158.044711
S0433.JPG 717549.356454 1605574.142262 184.512807 -0.218468 1.041171 -157.960148
S0434.JPG 717536.415253 1605595.290997 184.500226 0.120371 0.884487 -157.834728
S0435.JPG 717523.080174 1605616.340305 184.394672 0.173294 0.184310 -157.842570
S0436.JPG 717509.553521 1605637.385576 184.110695 0.761770 0.629504 -158.074694
S0437.JPG 717495.882568 1605658.380752 184.085895 0.062145 1.658136 -158.475077
S0438.JPG 717482.261108 1605679.232666 184.086616 -0.289381 2.053239 -157.287300
S0439.JPG 717468.709006 1605700.316141 184.377854 -0.891505 1.961286 -159.519357
S0440.JPG 717455.186494 1605721.195056 183.883809 0.149077 2.414296 -159.651921
S0441.JPG 717441.529617 1605742.427885 183.801864 1.557709 2.332049 -159.425862
S0442.JPG 717428.132562 1605763.395021 184.312216 0.477382 2.923108 -159.502545
S0443.JPG 717414.922274 1605784.604852 184.744780 -0.605112 1.137816 -156.401700
S0444.JPG 717401.648004 1605805.605626 184.901347 -1.819729 1.164736 -156.411109
S0445.JPG 717388.489305 1605826.790707 184.858356 -1.742255 1.333100 -156.490581
S0446.JPG 717375.170700 1605848.102179 184.444047 -1.644083 1.392973 -156.195867
S0447.JPG 717362.016553 1605869.187984 184.262827 -0.242305 0.876237 -156.521877
S0448.JPG 717348.647987 1605890.555834 184.444372 -1.468451 1.240023 -156.618490
S0449.JPG 717335.464544 1605911.920732 184.316154 -0.813033 1.140852 -158.516588
S0450.JPG 717322.430276 1605932.976355 184.078118 0.292898 0.929686 -157.792590
S0451.JPG 717309.057236 1605953.845856 183.945399 0.839173 0.831472 -158.472146
S0452.JPG 717295.392078 1605974.926101 183.835558 1.482656 0.910822 -157.362494
S0453.JPG 717281.784742 1605995.658813 183.523765 1.507044 2.578215 -154.612999
S0454.JPG 717267.749345 1606016.488982 184.198217 0.607483 2.573916 -155.111453
S0455.JPG 717253.980319 1606037.243339 184.229985 1.009954 3.000501 -153.681764
S0456.JPG 717240.011694 1606058.220977 184.394323 0.792786 2.734802 -153.723487
S0457.JPG 717226.197310 1606079.035828 184.789783 -0.530974 3.298971 -153.816601
S0458.JPG 717212.533663 1606099.884513 184.808970 -0.408021 2.868643 -155.750786
S0459.JPG 717198.861518 1606121.091833 184.672192 -0.350674 2.190949 -156.512381
S0460.JPG 717185.425821 1606142.189337 184.398086 -0.301227 2.359814 -157.135685
S0461.JPG 717172.071547 1606163.180163 184.172001 0.644294 2.071563 -157.372099
S0462.JPG 717158.702959 1606184.368648 183.946055 1.202431 2.647277 -156.092684
S0463.JPG 717145.365272 1606205.473746 184.045177 1.679521 2.152006 -157.612733
S0464.JPG 717132.116137 1606226.575730 184.115575 1.419414 2.061782 -156.649638
S0465.JPG 717118.466178 1606247.639152 184.285492 0.535901 2.754968 -155.670144
S0466.JPG 717104.584132 1606268.806837 184.377385 0.460239 2.886787 -157.468385
S0467.JPG 717091.233777 1606289.492796 184.224339 1.159461 2.726016 -156.323095
S0468.JPG 717077.621208 1606310.625275 184.172710 1.321379 3.108505 -156.680429
S0469.JPG 717064.000624 1606331.424209 184.018835 1.987532 3.090552 -157.235435
S0470.JPG 717050.395808 1606352.397063 183.997728 2.261878 3.563768 -158.724091
S0471.JPG 717071.466643 1606378.853001 183.735645 -1.636897 -3.786343 46.679531
S0472.JPG 717084.929335 1606357.958657 184.010644 -0.925486 -4.385438 48.781878
S0473.JPG 717098.524263 1606337.056750 184.307836 -0.974472 -3.644201 47.763584
S0474.JPG 717112.195529 1606316.282579 184.483615 -0.201086 -3.480130 48.621529
S0475.JPG 717126.270719 1606295.677976 184.540392 0.291833 -3.596572 48.091911
S0476.JPG 717140.288781 1606275.141433 184.877254 2.148307 -3.197748 49.343382
S0477.JPG 717154.169682 1606254.147920 184.993243 2.352451 -2.983214 45.884000
S0478.JPG 717167.628564 1606232.950126 184.658850 0.686030 -2.510559 46.639794
S0479.JPG 717180.600272 1606211.810492 184.401538 0.323576 -2.984993 48.273464
S0480.JPG 717194.056365 1606190.297517 184.235858 -0.856737 -3.047714 48.078907
S0481.JPG 717206.789708 1606169.252326 184.145277 -0.791607 -3.610691 47.819012
S0482.JPG 717219.677898 1606147.872856 184.468491 -0.619712 -2.670644 49.238917
S0483.JPG 717233.044394 1606126.569180 184.830094 1.204703 -2.488711 49.893915
S0484.JPG 717246.657681 1606105.650747 184.649680 0.959233 -2.084620 47.040161
S0485.JPG 717259.980719 1606084.732696 184.474090 0.108470 -2.089074 45.481397
S0486.JPG 717273.541327 1606063.510452 184.359663 0.150718 -2.770489 46.238693
S0487.JPG 717287.013663 1606042.519694 184.152881 -0.197079 -3.243120 46.245899
S0488.JPG 717300.755747 1606021.401694 184.362565 0.001567 -3.076908 46.679436
S0489.JPG 717314.291846 1606000.507309 184.496240 0.918121 -3.650985 46.332415
S0490.JPG 717327.941676 1605979.458286 184.605812 0.696984 -3.345625 46.271336
S0491.JPG 717341.171611 1605958.532026 184.821677 0.867864 -1.865150 45.116024
S0492.JPG 717354.576003 1605937.271272 184.930871 0.969003 -1.404465 43.311752
S0493.JPG 717367.839052 1605916.212752 184.781911 1.200765 -1.342658 42.778113
S0494.JPG 717381.235978 1605895.016773 184.492559 0.811905 -1.556471 44.295602
S0495.JPG 717394.402024 1605873.947928 184.133725 0.135822 -2.105545 44.088781
S0496.JPG 717407.976723 1605852.767151 184.168247 0.398417 -2.397174 44.610853
S0497.JPG 717421.520489 1605831.825996 184.545920 0.570063 -2.432228 43.345434
S0498.JPG 717434.531385 1605810.493782 184.625247 0.477695 -1.346770 45.503030
S0499.JPG 717447.809043 1605789.429062 184.636006 0.655245 -1.076427 47.266745
S0500.JPG 717461.367218 1605768.304527 184.692136 0.751583 -0.885933 44.636630
S0501.JPG 717474.589939 1605747.392946 184.659747 1.548108 -1.401654 45.194928
S0502.JPG 717487.878569 1605726.097596 184.279610 0.237232 -1.297686 44.607787
S0503.JPG 717501.339800 1605705.019368 184.171787 -0.259621 -2.061202 46.316101
S0504.JPG 717514.662553 1605683.842322 184.085516 -0.575381 -1.713063 53.054588
S0505.JPG 717528.921139 1605662.935317 184.641368 0.578122 -2.402829 49.193643
S0506.JPG 717542.581050 1605642.265991 185.035121 1.733082 -0.560620 48.008304
S0507.JPG 717556.172091 1605621.220692 184.741576 1.770511 -0.755526 51.100071
S0508.JPG 717569.874349 1605600.157674 184.504842 1.219071 -1.263911 50.082400
S0509.JPG 717583.432479 1605579.280623 184.274439 0.510279 -1.524069 48.941921
S0510.JPG 717597.021045 1605558.115172 184.372826 0.629448 -0.810454 49.762943
S0511.JPG 717610.352559 1605536.963206 184.387886 0.929963 -0.826801 49.650762
S0512.JPG 717623.598869 1605516.072762 184.254547 0.730992 -0.806673 49.950111
S0513.JPG 717632.861591 1605501.333506 184.139440 0.600727 -1.177539 50.378201
S0514.JPG 717653.957860 1605519.799909 183.785969 0.480841 3.675618 -159.399691
S0515.JPG 717640.154639 1605540.630415 184.120701 0.114735 3.052479 -161.067144
S0516.JPG 717626.468093 1605561.592105 184.394183 -0.206763 2.406735 -160.842829
S0517.JPG 717613.011417 1605582.419635 184.381355 -0.226533 2.206869 -161.874919
S0518.JPG 717599.561280 1605603.494925 184.336184 0.152187 2.218080 -161.914984
S0519.JPG 717586.392019 1605624.746153 184.354164 -0.022898 2.267691 -161.186945
S0520.JPG 717573.107330 1605645.898424 184.463558 -0.544820 1.921039 -159.955069
S0521.JPG 717559.946696 1605667.059486 184.726160 -1.120642 1.579136 -160.154069
S0522.JPG 717546.902447 1605688.446711 184.665794 -0.552985 1.166479 -158.007706
S0523.JPG 717533.747143 1605709.922794 183.953464 0.469627 1.722670 -158.586080
S0524.JPG 717520.522561 1605731.118085 183.519047 2.389088 2.500302 -161.474981
S0525.JPG 717507.249597 1605752.022500 183.436456 4.175783 2.853027 -159.275942
S0526.JPG 717493.314042 1605772.789030 183.809559 2.990717 3.976659 -154.962750
S0527.JPG 717479.387641 1605793.440456 184.560082 2.079807 5.023534 -158.305391
S0528.JPG 717465.820257 1605814.591057 185.067110 0.442920 2.800273 -161.080267
S0529.JPG 717452.852962 1605836.045723 184.969493 -0.450194 0.557550 -160.458202
S0530.JPG 717440.133909 1605857.162452 184.892274 -0.936948 0.856411 -160.027185
S0531.JPG 717426.913874 1605878.827700 184.309710 -1.428361 1.441547 -158.315876
S0532.JPG 717414.408886 1605900.229052 184.423644 -0.671894 -0.032189 -156.024151
S0533.JPG 717401.246985 1605921.478191 184.563107 -0.696527 0.079155 -155.119795
S0534.JPG 717387.785702 1605942.707212 184.542231 -1.370941 0.947648 -154.772180
S0535.JPG 717374.381589 1605963.450256 184.468684 -1.060360 1.466944 -157.214034
S0536.JPG 717360.967237 1605984.341800 184.223075 0.081574 2.308410 -157.346695
S0537.JPG 717347.396246 1606005.506824 183.980453 1.643849 1.462396 -157.834400
S0538.JPG 717333.685764 1606026.289965 184.046780 0.495674 1.941437 -155.960695
S0539.JPG 717319.764849 1606047.210830 184.220412 0.596338 2.553356 -155.104541
S0540.JPG 717305.726589 1606068.014790 184.055398 0.761393 2.946699 -154.852261
S0541.JPG 717291.840695 1606088.631758 183.846810 0.825725 3.717591 -155.971041
S0542.JPG 717278.190464 1606109.718398 183.935279 2.111112 3.135659 -156.090044
S0543.JPG 717264.527472 1606130.443204 184.060476 2.187010 3.757597 -157.715404
S0544.JPG 717250.748278 1606151.631619 184.454551 1.650397 2.480346 -158.188867
S0545.JPG 717237.402035 1606172.589940 184.815674 0.266447 2.181437 -157.826969
S0546.JPG 717223.689357 1606193.429643 184.839443 -0.018203 2.415241 -157.122926
S0547.JPG 717209.881439 1606214.438533 184.767785 -0.279416 2.135040 -159.024253
S0548.JPG 717196.397168 1606235.844045 184.610608 -0.445447 1.808626 -159.382211
S0549.JPG 717183.346815 1606256.749640 183.941720 1.439176 3.044616 -157.248084
S0550.JPG 717169.773140 1606277.937913 183.563642 2.648169 3.682653 -161.407459
S0551.JPG 717156.601426 1606299.232193 183.981126 2.501474 1.470510 -155.899597
S0552.JPG 717143.061163 1606320.107997 184.078259 1.233098 2.194348 -156.127983
S0553.JPG 717129.384853 1606341.176432 184.354372 -0.079433 3.428674 -153.789662
S0554.JPG 717115.818282 1606362.003778 184.377040 0.539337 2.804050 -156.123042
S0555.JPG 717102.396144 1606383.017069 184.391456 0.496685 2.731221 -157.088882
S0556.JPG 717123.398351 1606409.480290 184.389012 0.439404 -1.042519 44.174068
S0557.JPG 717136.328482 1606388.369692 184.252144 0.558337 -1.439485 43.925263
S0558.JPG 717149.247772 1606367.165741 183.670546 -1.432914 -2.321231 46.302555
S0559.JPG 717162.619170 1606345.943245 183.779292 -1.131180 -2.338286 47.439326
S0560.JPG 717175.911181 1606324.789329 184.037224 -1.225364 -2.777927 49.760836
S0561.JPG 717189.818915 1606304.028837 184.438751 0.180937 -2.244969 49.954735
S0562.JPG 717203.635220 1606283.494153 184.619327 1.689366 -2.645634 50.576390
S0563.JPG 717217.798938 1606262.658867 184.708387 1.534350 -2.448489 47.731762
S0564.JPG 717231.811765 1606241.779605 184.826301 1.820068 -2.124507 46.826840
S0565.JPG 717245.328645 1606220.870207 184.271040 0.644876 -3.197672 45.008933
S0566.JPG 717258.699652 1606200.036355 184.136905 -0.290146 -3.007230 45.101528
S0567.JPG 717272.091899 1606178.493327 184.571418 -0.024672 -2.049918 47.346987
S0568.JPG 717285.551162 1606157.283392 184.757097 1.245045 -2.198957 46.944399
S0569.JPG 717298.863441 1606136.398246 184.808633 1.156766 -1.901954 46.014553
S0570.JPG 717311.997800 1606115.434870 184.791181 1.394532 -1.388436 46.491298
S0571.JPG 717325.336557 1606094.183531 184.612577 1.550413 -1.811320 45.104164
S0572.JPG 717338.531178 1606072.773012 184.326985 0.331960 -1.425589 42.855095
S0573.JPG 717351.703301 1606051.489606 184.439095 0.360145 -1.853336 43.796443
S0574.JPG 717364.849391 1606030.215743 184.382437 0.994135 -1.110788 43.292854
S0575.JPG 717377.745068 1606008.642753 184.055652 -1.255744 -1.686016 45.821803
S0576.JPG 717390.685701 1605987.416261 184.218241 -1.273197 -1.843148 45.819179
S0577.JPG 717404.201445 1605966.432562 184.454802 -0.770413 -0.972039 48.319072
S0578.JPG 717418.088160 1605945.672649 184.424147 0.412685 -1.862474 49.277703
S0579.JPG 717432.273565 1605925.010385 184.386457 0.843124 -2.588030 49.867518
S0580.JPG 717446.227448 1605904.287556 184.395292 0.721607 -2.435860 49.626216
S0581.JPG 717459.952855 1605883.329062 184.456071 1.178073 -2.450014 48.843360
S0582.JPG 717473.539716 1605862.787056 184.320136 0.447126 -2.209433 47.002976
S0583.JPG 717487.165922 1605841.914303 184.380483 0.842497 -2.380196 47.495451
S0584.JPG 717500.741581 1605820.695186 184.683754 1.286353 -1.430686 46.775561
S0585.JPG 717514.568787 1605799.866917 184.309013 0.669427 -1.746719 47.299219
S0586.JPG 717528.136003 1605778.794347 183.711152 -0.747283 -2.685555 48.453680
S0587.JPG 717541.470550 1605757.939510 184.016659 0.116479 -3.092903 48.951018
S0588.JPG 717555.013571 1605736.900109 184.489493 0.294269 -3.153491 48.465366
S0589.JPG 717568.754940 1605715.861371 184.863388 1.016710 -1.998981 49.705630
S0590.JPG 717582.450042 1605694.788446 184.933643 1.428599 -1.782252 49.483055
S0591.JPG 717595.986252 1605673.658145 184.828931 1.469846 -1.490368 47.867234
S0592.JPG 717608.920450 1605652.467891 184.602042 0.740635 -1.722726 48.022057
S0593.JPG 717622.228315 1605630.866259 184.429338 0.286143 -1.185814 47.358766
S0594.JPG 717635.335684 1605609.611120 184.305606 0.775775 -1.236230 48.159965
S0595.JPG 717648.585564 1605588.422472 184.389796 0.272021 -1.032217 48.053020
S0596.JPG 717662.097653 1605567.024059 184.379066 0.693577 -1.051972 48.150438
S0597.JPG 717675.577286 1605546.195121 184.152874 0.881257 -2.183792 48.762757
S0598.JPG 717687.291425 1605528.046713 184.213649 0.512800 -1.839846 48.996501
S0599.JPG 717804.605494 1605609.306270 184.084065 1.027278 -3.417519 -172.661016
S0600.JPG 717795.354049 1605632.971434 184.101900 1.021104 -3.052401 -168.815613
S0601.JPG 717784.453025 1605655.731486 184.049863 1.063463 -2.508541 -165.781666
S0602.JPG 717773.791316 1605677.899702 184.298292 0.700184 -1.324702 -163.158038
S0603.JPG 717761.651881 1605699.598601 184.194466 0.846506 -0.465377 -161.985385
S0604.JPG 717748.961398 1605720.999889 184.163482 1.303691 0.122467 -160.787123
S0605.JPG 717735.677882 1605742.311439 184.206799 0.994616 0.848101 -160.115883
S0606.JPG 717722.082120 1605763.431452 184.238895 0.785563 0.671925 -159.001280
S0607.JPG 717708.173472 1605784.339002 184.358366 0.365316 0.836061 -158.273941
S0608.JPG 717694.499284 1605804.945931 184.507725 -0.383734 0.417013 -156.862564
S0609.JPG 717680.541634 1605825.623047 184.456735 -1.139566 1.458089 -156.033087
S0610.JPG 717666.426856 1605846.243147 184.392935 -1.188723 1.734498 -157.139510
S0611.JPG 717652.290109 1605866.948401 184.191780 -0.731012 2.366953 -158.171909
S0612.JPG 717638.290903 1605887.577775 184.060972 0.347257 1.514812 -158.174682
S0613.JPG 717624.407762 1605908.218624 183.860918 0.402307 1.978171 -159.564879
S0614.JPG 717610.626485 1605928.951678 183.832265 0.958676 1.614518 -155.411987
S0615.JPG 717596.494657 1605949.516745 184.259767 -0.043196 2.401864 -155.908262
S0616.JPG 717582.397111 1605970.181895 184.234075 -0.064248 2.789755 -157.044185
S0617.JPG 717568.901643 1605991.048997 184.270493 0.252881 2.746656 -157.213120
S0618.JPG 717554.945602 1606012.249090 183.994836 0.616615 1.582256 -157.909043
S0619.JPG 717541.218815 1606032.926039 184.250235 -0.181455 3.220699 -157.301549
S0620.JPG 717527.533498 1606053.630469 184.281871 0.097059 1.894472 -157.211074
S0621.JPG 717513.696590 1606074.557605 184.231478 0.598767 2.999017 -158.491503
S0622.JPG 717500.193756 1606095.455152 184.121578 0.452929 2.863490 -156.973564
S0623.JPG 717486.948197 1606116.659521 184.203471 0.208653 2.267928 -156.302269
S0624.JPG 717473.770265 1606137.953141 184.178928 0.149702 0.632287 -155.045207
S0625.JPG 717460.147898 1606159.056151 184.039091 0.866741 2.171476 -155.858601
S0626.JPG 717446.430848 1606179.999728 184.141782 0.580968 2.806734 -155.966126
S0627.JPG 717432.899633 1606200.948709 184.128815 0.966214 2.468841 -156.505676
S0628.JPG 717419.194974 1606222.014808 184.412667 0.558801 2.752619 -156.274911
S0629.JPG 717405.606684 1606242.976988 184.512301 -0.121668 3.961186 -155.924899
S0630.JPG 717392.422865 1606264.035321 184.277613 1.321072 3.053465 -157.232821
S0631.JPG 717379.071863 1606285.025170 184.505271 0.564014 2.284339 -156.573514
S0632.JPG 717365.656642 1606306.353367 184.535522 0.366326 1.304831 -156.081187
S0633.JPG 717352.259137 1606327.489592 184.325929 0.440186 1.592938 -155.861670
S0634.JPG 717338.748368 1606348.576429 184.436033 -0.209356 1.758416 -156.569371
S0635.JPG 717325.384990 1606369.594205 184.126361 0.475892 2.796915 -159.606742
S0636.JPG 717312.103073 1606390.911100 183.824932 1.623803 2.435321 -157.816458
S0637.JPG 717298.539836 1606411.779374 184.331056 0.497348 2.154176 -156.247823
S0638.JPG 717284.826786 1606432.806889 184.017165 1.654286 3.342725 -155.734448
S0639.JPG 717271.090077 1606453.788564 183.936778 1.360178 3.710944 -157.627420
S0640.JPG 717289.500455 1606484.804788 184.300323 -0.289407 -2.457803 43.697865
S0641.JPG 717302.520973 1606463.232795 184.479235 0.414713 -1.401818 44.577560
S0642.JPG 717315.509727 1606441.966479 184.488979 -0.328072 -1.152228 46.609828
S0643.JPG 717328.889526 1606420.660379 184.193071 -0.055531 -2.279575 47.543107
S0644.JPG 717342.048505 1606399.427976 184.468944 0.275983 -2.232932 47.762173
S0645.JPG 717355.343049 1606378.424846 184.653699 0.619791 -2.128437 48.162216
S0646.JPG 717368.576301 1606357.456879 184.589158 0.058429 -1.897210 46.921858
S0647.JPG 717381.974963 1606336.181079 184.529023 -0.224868 -2.106402 47.808678
S0648.JPG 717395.488271 1606314.846783 184.539464 0.041005 -2.128058 47.078889
S0649.JPG 717408.749273 1606293.954260 184.429128 -0.177474 -1.619113 47.095891
S0650.JPG 717422.375775 1606273.014362 184.416397 0.625356 -1.681717 47.938453
S0651.JPG 717436.515840 1606252.288136 184.371877 0.653639 -2.471738 48.041719
S0652.JPG 717450.124124 1606231.497124 184.392782 0.438785 -2.331346 48.400228
S0653.JPG 717464.211386 1606210.830869 184.418903 -0.280066 -1.983409 49.413521
S0654.JPG 717478.247744 1606189.943569 184.392254 1.096424 -3.425121 50.754554
S0655.JPG 717491.996791 1606169.271797 184.432327 0.723011 -3.617426 49.162714
S0656.JPG 717505.693199 1606148.311827 184.567100 0.812315 -2.846460 47.727271
S0657.JPG 717519.064831 1606127.161550 184.871121 0.154437 -1.791047 46.447820
S0658.JPG 717532.401468 1606106.084654 184.714465 0.910116 -1.648252 46.614779
S0659.JPG 717546.035448 1606085.029443 184.357358 0.568309 -2.837442 44.333220
S0660.JPG 717559.151931 1606063.979930 184.209520 1.371956 -2.982552 46.184388
S0661.JPG 717571.958423 1606042.491350 184.544342 0.098224 -0.789119 48.530864
S0662.JPG 717585.073039 1606021.241787 184.809783 1.470672 -1.635853 46.379118
S0663.JPG 717598.348244 1605999.600844 184.648996 0.602172 -0.328890 48.784295
S0664.JPG 717611.262115 1605978.585190 184.535590 0.925031 -0.625777 47.140339
S0665.JPG 717624.671794 1605957.327209 184.463685 1.175524 -0.433749 49.205577
S0666.JPG 717638.201240 1605936.275611 184.260228 0.253693 -0.615641 48.585341
S0667.JPG 717652.022270 1605915.290725 184.491067 1.219342 -0.787491 47.600405
S0668.JPG 717665.517004 1605894.498597 184.269737 0.614110 -0.885245 47.691111
S0669.JPG 717679.029554 1605873.781413 184.281004 0.408430 -2.247189 48.896832
S0670.JPG 717692.672961 1605852.824406 184.670432 0.765072 -2.236346 49.272282
S0671.JPG 717706.189819 1605831.870552 184.479455 0.650295 -2.961229 47.133772
S0672.JPG 717719.340120 1605810.447531 184.275821 -0.144024 -1.967040 45.685778
S0673.JPG 717732.449601 1605789.225260 184.159532 -1.245700 -1.188841 47.039962
S0674.JPG 717746.176636 1605768.239664 184.240879 -0.089896 -2.136590 49.583179
S0675.JPG 717760.288752 1605747.442483 184.166389 0.946729 -3.106694 50.399782
S0676.JPG 717774.829449 1605726.743832 184.502922 1.182815 -3.013720 49.619755
S0677.JPG 717788.641153 1605706.100009 184.534774 0.997984 -2.514473 50.401579
S0678.JPG 717802.716471 1605685.470712 184.453444 2.294651 -3.489150 48.589614
S0679.JPG 717816.496828 1605664.609149 184.896610 2.385755 -2.385943 47.564183
S0680.JPG 717829.636265 1605643.724145 184.769552 1.899779 -1.820969 46.920274
S0681.JPG 717839.008437 1605628.710507 184.556114 0.979432 -1.904652 46.652432
S0682.JPG 717860.956102 1605642.569127 184.603336 -1.244423 1.861677 -156.600857
S0683.JPG 717847.188679 1605663.146258 184.477254 -1.333493 1.652838 -156.786591
S0684.JPG 717833.708709 1605683.715866 184.261832 -0.721198 2.033040 -157.405881
S0685.JPG 717819.785186 1605704.569262 184.113765 -0.228441 2.111171 -158.172942
S0686.JPG 717806.349517 1605725.036053 184.029625 0.301013 2.558646 -159.052911
S0687.JPG 717792.682035 1605746.172054 183.981115 0.876791 2.378853 -159.247259
S0688.JPG 717779.179182 1605767.168729 184.141486 0.786749 2.172973 -158.898564
S0689.JPG 717765.485141 1605788.401415 184.311416 0.307301 2.763306 -160.021978
S0690.JPG 717752.035305 1605809.592306 184.409533 0.288710 2.441101 -159.951115
S0691.JPG 717738.644150 1605830.737713 184.458983 0.088706 2.094498 -160.086386
S0692.JPG 717725.417055 1605851.893507 184.514125 -0.257556 2.119462 -160.393434
S0693.JPG 717712.164842 1605872.748480 184.422303 0.227479 1.486915 -159.211300
S0694.JPG 717698.848383 1605893.983462 184.369119 -0.410906 2.206044 -159.770666
S0695.JPG 717685.499533 1605915.139674 184.277745 -0.333639 2.464493 -159.046708
S0696.JPG 717672.176707 1605935.991272 184.178738 -0.031341 2.513220 -159.847324
S0697.JPG 717659.056497 1605957.339441 184.235532 0.128380 2.348733 -160.242314
S0698.JPG 717645.874429 1605978.691245 184.351509 -0.012988 1.702828 -160.460387
S0699.JPG 717632.807651 1605999.989509 184.344281 0.188754 1.636404 -160.792653
S0700.JPG 717619.893015 1606020.902423 184.219502 0.358846 1.491441 -160.862241
S0701.JPG 717606.410871 1606042.305588 183.939092 0.813084 1.565816 -160.327210
S0702.JPG 717593.063441 1606063.550151 184.062604 0.419228 1.780743 -159.936892
S0703.JPG 717579.460182 1606084.675593 184.361052 -0.392819 1.877542 -158.540498
S0704.JPG 717566.218577 1606105.590764 184.418975 -0.712592 1.942460 -158.884392
S0705.JPG 717552.924825 1606126.761699 184.336993 -0.361571 1.377860 -158.108968
S0706.JPG 717539.478229 1606147.676652 184.001600 0.613642 2.092521 -160.136076
S0707.JPG 717525.887684 1606168.923104 184.002665 0.089143 2.055400 -159.870364
S0708.JPG 717512.548334 1606189.930774 183.832648 0.314649 2.502446 -158.616492
S0709.JPG 717499.133481 1606210.942649 183.627639 1.607150 2.307071 -159.335494
S0710.JPG 717485.919553 1606232.170324 184.106623 0.876089 2.249213 -156.924388
S0711.JPG 717472.481399 1606253.191243 184.439729 0.393677 1.589867 -156.874193
S0712.JPG 717458.707872 1606274.252770 184.349183 0.917306 1.634700 -155.338199
S0713.JPG 717444.816231 1606295.073476 184.439803 0.122053 3.300605 -155.802867
S0714.JPG 717431.132334 1606316.251468 184.576784 0.653478 2.649405 -157.295886
S0715.JPG 717417.727562 1606336.923691 184.337412 0.095593 2.958903 -156.305665
S0716.JPG 717403.930985 1606358.093837 184.353448 -0.346079 2.086194 -157.853296
S0717.JPG 717390.364640 1606379.042458 184.196007 0.077609 2.152210 -161.460398
S0718.JPG 717377.119839 1606399.979602 184.034275 0.893442 1.837320 -159.314857
S0719.JPG 717363.787897 1606421.359714 184.290459 -0.095106 1.581162 -157.514753
S0720.JPG 717350.313396 1606442.279426 184.440859 0.017446 1.791943 -157.061086
S0721.JPG 717336.663694 1606463.659965 184.100018 0.143738 2.597585 -159.305926
S0722.JPG 717323.244912 1606484.794265 183.958578 0.819837 1.954305 -156.572314
S0723.JPG 717340.013015 1606514.293498 183.984537 -0.657664 -2.445309 43.955302
S0724.JPG 717353.299218 1606493.127916 184.099040 -1.321068 -2.217857 43.420037
S0725.JPG 717367.092199 1606472.049827 184.533404 -0.572028 -1.948026 45.347020
S0726.JPG 717380.683408 1606451.424267 184.748452 1.217471 -2.515029 46.228809
S0727.JPG 717394.836229 1606429.983101 184.485027 1.138074 -2.076069 47.314474
S0728.JPG 717408.167516 1606409.467187 184.586784 1.159458 -3.024758 47.090528
S0729.JPG 717421.962403 1606388.382515 184.805220 0.903307 -1.961592 47.698088
S0730.JPG 717435.318652 1606367.794932 184.594820 1.474156 -2.858659 46.056262
S0731.JPG 717448.774185 1606346.821696 184.292236 0.607684 -2.875006 46.553050
S0732.JPG 717462.182615 1606325.817899 184.257518 0.275170 -2.985576 44.898652
S0733.JPG 717475.657992 1606304.589775 184.545677 0.539667 -2.075422 45.146530
S0734.JPG 717488.832566 1606283.314525 184.651355 0.200862 -2.255346 45.406481
S0735.JPG 717502.320769 1606262.192497 184.623856 0.554860 -2.229299 45.379399
S0736.JPG 717515.649499 1606240.958774 184.698517 0.826808 -1.351756 44.069455
S0737.JPG 717529.131475 1606219.930289 184.528187 0.724360 -1.735643 44.577788
S0738.JPG 717542.623750 1606198.782350 184.162208 -0.224745 -2.824924 45.234027
S0739.JPG 717555.988908 1606177.920848 184.335358 0.255433 -2.649065 48.405394
S0740.JPG 717569.633560 1606156.865724 184.531533 0.762094 -2.586533 47.144578
S0741.JPG 717582.903733 1606136.133153 184.711977 0.466194 -2.274225 48.043198
S0742.JPG 717596.483293 1606114.805095 184.713989 0.336395 -1.611866 48.169423
S0743.JPG 717609.841019 1606093.785758 184.619011 1.081554 -2.453711 47.896861
S0744.JPG 717623.035537 1606072.775275 184.452589 0.731553 -1.813890 47.653074
S0745.JPG 717636.803154 1606050.943077 184.676747 -0.172650 -1.216933 47.661307
S0746.JPG 717649.807334 1606029.883769 184.276243 -0.255339 -1.326931 48.634248
S0747.JPG 717663.319475 1606008.995183 184.274212 -0.508521 -1.964550 50.728165
S0748.JPG 717676.757017 1605988.264031 184.244257 0.302836 -2.462060 49.396787
S0749.JPG 717690.707015 1605967.443437 184.672101 1.203413 -1.927044 47.149914
S0750.JPG 717704.518783 1605946.698775 185.195858 2.249838 -1.079768 48.040993
S0751.JPG 717718.505770 1605925.788781 184.947015 3.088704 -0.977753 45.315297
S0752.JPG 717731.725023 1605904.814123 184.474598 1.462314 -1.110977 44.938079
S0753.JPG 717745.131352 1605883.539207 184.503420 0.954943 -0.799768 45.187127
S0754.JPG 717758.165000 1605862.152017 184.389511 0.374277 -0.964761 45.984754
S0755.JPG 717771.478007 1605841.324496 184.277220 0.565269 -1.641477 46.421229
S0756.JPG 717785.440433 1605820.146019 184.395899 0.830149 -1.937930 47.174744
S0757.JPG 717798.845063 1605799.394360 184.578428 0.681360 -1.797053 46.643598
S0758.JPG 717812.477912 1605778.091537 184.655799 1.015713 -1.877629 46.940362
S0759.JPG 717826.080330 1605756.948839 184.575798 1.002257 -1.772091 47.640405
S0760.JPG 717839.422772 1605736.005730 184.451371 1.402166 -1.996167 47.200521
S0761.JPG 717852.742448 1605714.875278 184.406185 0.604068 -1.497174 47.393570
S0762.JPG 717866.252754 1605694.286040 184.374432 0.475682 -2.322430 45.323058
S0763.JPG 717879.549369 1605673.234077 184.164138 -0.391337 -2.112695 47.207960
S0764.JPG 717890.554631 1605656.142276 184.462877 0.291058 -2.606257 47.721471
S0765.JPG 717913.264914 1605673.122631 184.019542 0.301168 2.941807 -153.158831
S0766.JPG 717898.698263 1605693.765054 184.127432 0.184989 3.754324 -155.722816
S0767.JPG 717884.772773 1605714.104723 184.077148 0.689924 3.280090 -156.338372
S0768.JPG 717870.976877 1605734.401162 184.132495 0.960833 3.254292 -155.355746
S0769.JPG 717857.058338 1605755.169570 184.303808 0.514560 3.502256 -155.711120
S0770.JPG 717843.819029 1605776.367661 184.397927 0.711549 3.230414 -156.632416
S0771.JPG 717830.015474 1605797.347035 184.782543 0.038325 3.137766 -156.930141
S0772.JPG 717816.584344 1605818.439971 184.707546 -0.171048 2.919336 -157.208430
S0773.JPG 717803.186616 1605839.508169 184.569906 0.165297 2.406090 -157.380501
S0774.JPG 717790.002375 1605860.695486 184.454154 0.403740 2.263969 -157.829999
S0775.JPG 717776.825253 1605882.214324 184.415895 0.412242 2.135314 -158.171062
S0776.JPG 717763.682885 1605903.314836 184.552750 0.185264 1.863184 -158.003007
S0777.JPG 717750.595418 1605924.472986 184.448900 0.255912 1.901652 -158.223026
S0778.JPG 717737.339666 1605945.770708 184.412114 0.467371 2.470241 -159.179469
S0779.JPG 717724.157308 1605966.838626 184.502917 0.076672 2.104582 -159.186909
S0780.JPG 717711.018630 1605987.958313 184.594329 0.291287 1.792240 -159.002450
S0781.JPG 717697.857887 1606009.177744 184.648589 -0.495781 1.660753 -158.612847
S0782.JPG 717684.758130 1606030.355278 184.386224 -0.111238 1.971439 -157.622774
S0783.JPG 717671.729805 1606051.298054 184.293472 0.419785 2.075040 -157.501795
S0784.JPG 717657.872088 1606072.753978 184.175682 0.596314 2.312075 -158.303100
S0785.JPG 717644.466224 1606093.668170 184.244351 0.631427 2.008009 -157.286141
S0786.JPG 717630.911740 1606114.563656 184.442283 -0.075905 2.995915 -158.139462
S0787.JPG 717617.526404 1606135.866227 184.521519 -0.704164 1.808043 -158.191703
S0788.JPG 717603.991054 1606156.920664 184.358403 0.078653 1.849967 -157.922754
S0789.JPG 717591.107437 1606177.908948 184.191464 0.335109 2.019717 -157.926015
S0790.JPG 717577.724618 1606199.090551 184.280108 0.598750 1.927390 -157.113074
S0791.JPG 717564.022005 1606220.476068 184.300846 0.220522 2.417906 -154.750387
S0792.JPG 717550.391163 1606241.064649 184.216719 0.309796 2.465956 -154.631412
S0793.JPG 717536.872844 1606261.908059 184.517344 0.303603 2.833944 -153.594960
S0794.JPG 717523.319595 1606283.121842 184.559013 0.221788 2.569806 -155.217731
S0795.JPG 717509.676451 1606304.594273 184.829604 -0.765305 2.467497 -156.254488
S0796.JPG 717496.264768 1606325.424620 184.869945 -1.505109 2.872104 -159.665031
S0797.JPG 717483.343727 1606346.667738 184.491868 -0.191893 0.838565 -158.888267
S0798.JPG 717470.217333 1606368.050168 184.137379 0.986833 0.898940 -157.881295
S0799.JPG 717456.934425 1606389.176922 183.905089 1.072662 0.779188 -156.958308
S0800.JPG 717443.625838 1606409.989950 183.909306 1.836896 1.854065 -154.997808
S0801.JPG 717429.745713 1606431.047898 183.999240 1.024842 3.200328 -155.683893
S0802.JPG 717415.919628 1606452.180994 184.277896 1.208432 2.636966 -154.755608
S0803.JPG 717402.131543 1606472.901107 184.510070 0.450859 2.907736 -155.723084
S0804.JPG 717388.340573 1606493.980578 184.589306 -0.069341 1.850867 -155.096338
S0805.JPG 717374.826458 1606515.273427 184.482240 0.030141 2.613879 -155.645263
S0806.JPG 717392.543819 1606545.596167 184.257848 0.144538 -2.367014 45.066695
S0807.JPG 717406.084546 1606524.417705 184.448371 0.095334 -2.867053 44.077906
S0808.JPG 717419.539118 1606503.322193 184.585028 -0.337923 -2.731275 44.147441
S0809.JPG 717432.670338 1606482.121333 184.735073 0.187071 -1.734264 44.599404
S0810.JPG 717446.139668 1606461.105756 184.826238 1.165269 -2.425406 43.289115
S0811.JPG 717459.275186 1606439.650827 184.672921 -0.393637 -1.500552 44.312981
S0812.JPG 717472.631464 1606418.537616 184.357735 -0.048217 -2.742282 44.268127
S0813.JPG 717485.810519 1606397.468854 184.249027 -1.038317 -2.399230 43.523741
S0814.JPG 717499.105738 1606376.277878 184.514471 -0.748622 -2.168974 44.239013
S0815.JPG 717512.708536 1606355.488762 184.416519 -0.171350 -2.348504 46.172824
S0816.JPG 717526.390351 1606334.571756 184.350967 0.299162 -2.478225 45.634199
S0817.JPG 717540.104012 1606313.969642 184.652716 0.963499 -2.426331 46.628165
S0818.JPG 717554.168182 1606292.751890 184.885761 1.767643 -2.606708 44.930178
S0819.JPG 717567.580760 1606271.682969 184.663504 0.376250 -1.875683 44.598715
S0820.JPG 717580.992935 1606250.596103 184.634848 0.218010 -1.786112 45.016317
S0821.JPG 717594.299035 1606229.620596 184.752563 1.363162 -1.753657 43.961620
S0822.JPG 717607.573341 1606208.227558 184.547900 0.517781 -0.812941 46.113656
S0823.JPG 717620.950747 1606187.026858 184.303711 0.279969 -1.476797 45.946541
S0824.JPG 717634.254939 1606166.080155 184.473257 0.241670 -1.644592 45.734394
S0825.JPG 717647.623719 1606144.860598 184.323813 0.090112 -1.511943 46.608010
S0826.JPG 717661.196426 1606123.601186 184.168454 0.317264 -2.121306 47.447263
S0827.JPG 717674.678077 1606103.080910 184.136672 0.266403 -2.385655 48.594282
S0828.JPG 717688.539736 1606081.734144 184.318726 0.231868 -2.874424 49.987288
S0829.JPG 717702.520037 1606061.007719 184.494975 0.650035 -3.015987 48.712953
S0830.JPG 717716.352471 1606040.227114 184.723475 1.001946 -2.161763 48.639766
S0831.JPG 717730.045609 1606019.499603 184.634973 2.212157 -3.282056 47.758315
S0832.JPG 717743.476507 1605998.391993 184.663202 0.741486 -2.277151 46.669964
S0833.JPG 717756.506623 1605977.288311 184.739727 0.599958 -1.013703 47.627217
S0834.JPG 717769.825174 1605956.122313 184.765754 1.232707 -1.422489 47.439741
S0835.JPG 717783.037862 1605934.935599 184.658660 0.954069 -1.452950 47.231682
S0836.JPG 717796.156350 1605913.819636 184.553101 0.597830 -1.232695 47.640066
S0837.JPG 717809.761831 1605892.492811 184.336488 0.484683 -1.795876 47.852386
S0838.JPG 717823.380297 1605871.371144 184.272084 0.373084 -2.356346 48.509103
S0839.JPG 717836.923855 1605850.321775 184.471803 0.517724 -2.046659 48.864187
S0840.JPG 717850.445542 1605829.429399 184.573451 0.455660 -1.907731 48.645111
S0841.JPG 717864.024017 1605808.418759 184.530279 0.628602 -2.407516 49.411242
S0842.JPG 717877.452482 1605787.653671 184.566372 1.029894 -2.019597 49.658003
S0843.JPG 717891.268949 1605766.265407 184.445080 1.185437 -2.444691 47.916332
S0844.JPG 717904.985973 1605745.936625 184.415102 0.726164 -2.491345 48.117604
S0845.JPG 717918.353882 1605724.906622 184.560729 0.868474 -1.836126 48.503869
S0846.JPG 717931.820767 1605703.966303 184.635254 0.966569 -2.179692 48.646586
S0847.JPG 717942.764842 1605686.938799 184.705987 1.379756 -1.997342 48.274540
S0848.JPG 717964.277345 1605703.010631 184.576780 -0.700476 2.855316 -155.521306
S0849.JPG 717950.232743 1605723.623059 184.534233 -0.888022 2.756060 -156.130922
S0850.JPG 717936.071740 1605744.591098 184.401244 -0.755820 3.000784 -157.853877
S0851.JPG 717922.311340 1605765.125435 184.243018 -0.132798 2.594375 -157.880152
S0852.JPG 717908.661898 1605785.925243 184.489628 -0.122891 2.345803 -158.214884
S0853.JPG 717895.401254 1605806.845079 184.410448 -0.198673 2.441031 -159.345054
S0854.JPG 717882.186428 1605827.875725 184.260615 -0.058061 2.349274 -159.264809
S0855.JPG 717868.745974 1605849.189433 184.234714 0.154036 2.477563 -159.672880
S0856.JPG 717855.560297 1605870.161842 184.191963 0.688503 2.078506 -159.898967
S0857.JPG 717842.171040 1605891.388373 184.233136 0.686763 2.632844 -159.879206
S0858.JPG 717828.895948 1605912.724473 184.353242 0.361116 2.444389 -160.894949
S0859.JPG 717815.858800 1605934.006975 184.334465 0.124310 1.627189 -160.888793
S0860.JPG 717802.811709 1605955.436352 184.194125 0.107116 1.573311 -160.415582
S0861.JPG 717789.750996 1605976.666548 184.070531 0.493356 1.393747 -160.487497
S0862.JPG 717776.763947 1605997.882033 184.241420 0.555529 1.198662 -159.525196
S0863.JPG 717763.488867 1606019.147701 184.306268 -0.004769 1.740657 -159.078684
S0864.JPG 717750.185849 1606040.138177 184.326974 0.017855 1.911982 -158.910920
S0865.JPG 717736.773170 1606061.219150 184.330798 0.052639 1.853129 -159.149148
S0866.JPG 717723.571348 1606081.979199 184.296710 0.379858 1.715769 -158.522648
S0867.JPG 717709.588209 1606103.315363 184.160540 0.370478 2.159058 -157.899850
S0868.JPG 717696.199722 1606124.048802 184.072717 0.648340 2.294604 -157.185426
S0869.JPG 717682.459394 1606145.072615 184.164175 -0.279816 2.457304 -155.401889
S0870.JPG 717669.004137 1606166.184477 184.179649 -0.403027 2.682020 -157.006046
S0871.JPG 717655.548195 1606187.334672 184.154230 0.127968 2.750056 -158.308106
S0872.JPG 717642.079304 1606208.036723 184.255834 -0.000881 2.373477 -156.945194
S0873.JPG 717628.648660 1606229.432982 184.326898 -0.038651 2.235147 -157.493747
S0874.JPG 717615.487265 1606250.557598 184.354112 -0.399202 2.010333 -156.154081
S0875.JPG 717602.405418 1606271.935781 184.326077 0.675795 1.346798 -156.599199
S0876.JPG 717589.049932 1606292.920298 184.115760 0.855726 1.875516 -157.197450
S0877.JPG 717575.382182 1606314.041542 184.064251 1.019556 1.732738 -157.455165
S0878.JPG 717562.057238 1606335.297501 184.203105 0.273788 1.464367 -156.711690
S0879.JPG 717548.260942 1606356.476048 184.227495 -0.093553 1.964940 -155.985383
S0880.JPG 717534.867602 1606376.938728 184.230969 -0.161106 2.581111 -155.590218
S0881.JPG 717521.149211 1606397.888756 184.189555 -0.274406 2.773771 -155.634837
S0882.JPG 717507.762308 1606419.349595 184.235124 0.243682 1.906044 -155.111059
S0883.JPG 717494.379165 1606440.219379 184.135965 0.562595 2.568267 -155.861186
S0884.JPG 717480.599783 1606461.261918 184.000496 0.746630 2.341214 -155.927991
S0885.JPG 717467.246509 1606481.967704 184.064327 0.918761 2.518111 -155.182124
S0886.JPG 717453.617937 1606503.155774 184.272628 0.450889 2.398649 -154.732489
S0887.JPG 717439.898199 1606524.214673 184.443597 0.062003 3.013365 -156.226112
S0888.JPG 717426.196381 1606544.995985 184.161044 0.691037 2.609583 -156.966932
S0889.JPG 717443.340264 1606575.248409 184.195829 -0.447459 -2.937029 47.002095
S0890.JPG 717457.394898 1606554.352960 184.361901 -0.019687 -3.176894 47.946702
S0891.JPG 717471.196610 1606533.726526 184.611841 0.368584 -3.425903 47.433312
S0892.JPG 717485.098764 1606512.852299 184.769588 0.991857 -3.125468 45.934268
S0893.JPG 717498.571999 1606492.047811 184.798534 0.523981 -2.804864 44.411584
S0894.JPG 717511.945150 1606470.898831 184.573054 0.723445 -2.807665 44.519690
S0895.JPG 717525.166014 1606449.861051 184.409885 0.226356 -2.718496 44.238991
S0896.JPG 717538.633726 1606428.508904 184.523757 -0.156511 -2.315564 45.790757
S0897.JPG 717551.911224 1606407.381355 184.390516 -0.702571 -2.569405 43.641760
S0898.JPG 717565.293419 1606386.480628 184.650958 0.397404 -2.864419 45.659903
S0899.JPG 717578.964303 1606365.436223 184.436960 0.499253 -2.902386 45.821895
S0900.JPG 717592.478446 1606344.216839 184.576061 0.287235 -2.480747 46.551532
S0901.JPG 717605.806370 1606323.041413 184.802044 0.841022 -1.850191 46.080100
S0902.JPG 717619.066869 1606302.210159 184.848307 0.416506 -1.520539 45.845011
S0903.JPG 717632.260955 1606281.108612 184.595664 0.535993 -1.824397 46.111251
S0904.JPG 717645.499113 1606259.937498 184.511943 0.278217 -2.252914 45.647509
S0905.JPG 717658.893115 1606238.557773 184.407627 -0.035805 -1.797786 45.850851
S0906.JPG 717672.377731 1606217.401854 184.334205 -0.154358 -1.625101 47.562143
S0907.JPG 717685.874051 1606196.534922 184.240767 -0.130772 -3.241630 44.242310
S0908.JPG 717699.169163 1606175.314580 184.103353 -1.162420 -2.538119 48.890160
S0909.JPG 717712.972993 1606154.648219 184.320065 -0.313758 -3.048371 48.804909
S0910.JPG 717726.937635 1606134.245762 184.251693 0.524165 -3.826984 49.350172
S0911.JPG 717741.103944 1606113.346144 184.601205 0.241980 -3.148131 46.752368
S0912.JPG 717755.248872 1606092.455249 184.740419 0.820318 -3.272226 47.122205
S0913.JPG 717768.867289 1606071.580070 184.549326 1.297478 -3.684943 47.857897
S0914.JPG 717782.568821 1606050.702591 184.851435 1.192849 -2.885597 46.234593
S0915.JPG 717795.914316 1606029.553463 184.929613 1.239868 -2.817981 45.939543
S0916.JPG 717808.738970 1606008.258455 185.089856 0.608613 -1.527873 45.112091
S0917.JPG 717821.715063 1605986.834616 185.020498 0.669842 -0.622960 44.830680
S0918.JPG 717834.698146 1605965.392018 184.627130 0.950930 -1.074972 45.814600
S0919.JPG 717847.581012 1605944.027872 184.243708 -0.223420 -1.658733 45.918859
S0920.JPG 717860.690434 1605922.700441 183.977970 -1.136080 -2.221181 46.664999
S0921.JPG 717874.077743 1605901.309413 184.249854 -0.669927 -2.154823 48.202025
S0922.JPG 717887.764136 1605880.327196 184.556384 0.462269 -2.236963 48.931149
S0923.JPG 717901.660478 1605859.553152 184.805124 1.159484 -2.615969 48.727891
S0924.JPG 717915.445560 1605838.827498 184.826269 1.135316 -2.037768 47.187708
S0925.JPG 717929.037009 1605817.918201 184.782321 0.990506 -2.128647 47.127725
S0926.JPG 717942.443074 1605796.943187 184.675412 0.590661 -1.600424 46.716123
S0927.JPG 717955.802847 1605775.882846 184.558231 0.646702 -1.368877 47.451446
S0928.JPG 717969.300040 1605754.914280 184.378199 0.791614 -1.805203 47.357684
S0929.JPG 717982.841412 1605733.818494 184.494922 0.301718 -1.130842 47.963930
S0930.JPG 717993.715640 1605717.055686 184.547861 1.032082 -1.973556 48.988233
S0931.JPG 718016.499087 1605734.001699 184.346327 -0.706014 1.987343 -156.635258
S0932.JPG 718002.337730 1605754.483617 183.938101 0.414262 3.027277 -157.070313
S0933.JPG 717988.384648 1605775.245629 184.191998 0.281690 3.559755 -159.231886
S0934.JPG 717974.718293 1605795.964028 184.150866 0.420551 2.502651 -159.375660
S0935.JPG 717961.324920 1605816.804348 184.272722 0.326352 2.050233 -159.434221
S0936.JPG 717947.653272 1605838.010907 184.150124 0.454503 2.216450 -159.616936
S0937.JPG 717934.540633 1605859.051356 184.257168 0.512135 1.974267 -159.788533
S0938.JPG 717921.318974 1605880.325416 184.282457 0.944790 1.479196 -157.780955
S0939.JPG 717908.019693 1605901.182161 184.486178 0.243443 2.488756 -157.830214
S0940.JPG 717894.562570 1605922.502218 184.586956 -0.273374 2.953570 -157.813590
S0941.JPG 717881.188520 1605943.454953 184.720526 -0.487310 2.251519 -158.199870
S0942.JPG 717867.854813 1605964.683659 184.743886 -0.552154 1.794073 -157.614641
S0943.JPG 717854.706782 1605985.836280 184.525289 -0.147524 1.752566 -157.331793
S0944.JPG 717841.193203 1606007.127907 184.397841 -0.204969 1.869586 -157.493623
S0945.JPG 717827.941440 1606028.199949 184.227873 0.342964 2.397970 -157.722028
S0946.JPG 717814.593589 1606049.365961 184.154600 1.033106 2.175022 -158.003779
S0947.JPG 717801.221428 1606070.107056 184.273574 1.047254 2.205321 -157.404000
S0948.JPG 717787.797060 1606091.129991 184.443481 0.842565 1.862732 -157.315820
S0949.JPG 717774.201196 1606112.508082 184.442921 0.455223 2.580084 -156.839940
S0950.JPG 717760.753155 1606133.802508 184.399626 0.241245 2.477029 -156.898911
S0951.JPG 717747.180904 1606154.636124 184.387692 0.348575 2.499162 -157.795675
S0952.JPG 717733.856288 1606175.408552 184.454002 0.328785 2.514641 -157.877836
S0953.JPG 717720.340520 1606196.632046 184.459929 0.117683 2.135497 -157.811064
S0954.JPG 717706.974290 1606217.713107 184.442425 0.287991 2.230706 -157.490766
S0955.JPG 717693.825780 1606238.573975 184.330510 -0.079535 1.911385 -156.787567
S0956.JPG 717680.122216 1606259.784892 184.409639 0.464816 2.263857 -156.797651
S0957.JPG 717666.783880 1606281.261220 184.307528 0.243778 1.815484 -155.863127
S0958.JPG 717653.605230 1606302.502409 184.160363 0.211036 3.186666 -157.726539
S0959.JPG 717640.327888 1606323.549792 184.326142 -0.050012 1.764881 -155.670017
S0960.JPG 717627.160837 1606344.327196 184.388001 0.400571 1.815821 -156.597817
S0961.JPG 717613.338766 1606365.383893 184.367966 0.539980 1.702448 -156.896782
S0962.JPG 717599.788448 1606386.689482 184.331912 0.426272 1.877083 -156.151605
S0963.JPG 717586.359986 1606407.579140 184.335269 0.219936 2.257235 -157.570153
S0964.JPG 717573.007980 1606428.832594 184.231733 0.574598 1.306915 -155.120612
S0965.JPG 717559.522283 1606449.816717 184.365898 0.230229 1.978247 -155.774942
S0966.JPG 717545.950926 1606470.944059 184.456080 -0.254509 1.950404 -155.085934
S0967.JPG 717532.625790 1606491.892450 184.309974 -0.131203 2.556175 -154.623416
S0968.JPG 717519.163119 1606513.118672 184.308388 0.386155 1.207213 -154.984701
S0969.JPG 717505.802021 1606533.887372 184.058982 1.269427 2.176965 -154.726711
S0970.JPG 717492.273613 1606554.802714 184.049222 1.308188 2.358863 -154.793219
S0971.JPG 717506.021619 1606588.917993 184.107433 -1.002155 -2.341778 46.391782
S0972.JPG 717519.943235 1606568.066237 184.308175 -0.036731 -3.287649 44.908739
S0973.JPG 717533.352231 1606547.326409 184.356794 -1.045490 -3.219643 45.968225
S0974.JPG 717546.938700 1606526.220156 184.637304 0.163730 -3.653733 47.506451
S0975.JPG 717560.867993 1606505.290359 185.109030 1.239304 -2.218295 44.617123
S0976.JPG 717574.525670 1606484.640272 185.046173 1.550339 -1.410122 44.586571
S0977.JPG 717587.859153 1606463.503592 184.605995 1.124252 -2.103528 44.135862
S0978.JPG 717601.002029 1606442.261428 184.688185 1.150031 -1.853448 44.472357
S0979.JPG 717614.318376 1606421.054523 184.691131 0.327152 -1.387273 44.031999
S0980.JPG 717627.574548 1606399.760546 184.397130 -0.113269 -1.996165 44.716506
S0981.JPG 717640.845061 1606378.282732 184.209779 -0.189925 -2.173065 45.258493
S0982.JPG 717653.569091 1606357.333298 184.285724 -0.746410 -2.119320 44.896954
S0983.JPG 717667.225958 1606336.206287 184.466553 -0.038777 -1.866423 47.458683
S0984.JPG 717680.710213 1606315.525177 184.479035 0.099968 -2.278241 47.054544
S0985.JPG 717694.562897 1606294.390593 184.685571 0.976218 -1.839806 47.931261
S0986.JPG 717708.359058 1606273.445761 184.810853 1.667481 -2.253036 47.919726
S0987.JPG 717722.127636 1606252.723588 184.551613 1.078038 -2.266475 47.446039
S0988.JPG 717735.787004 1606231.821148 184.499418 0.458775 -2.259354 47.435732
S0989.JPG 717749.112211 1606210.913312 184.461278 0.738099 -2.327409 47.043612
S0990.JPG 717762.731980 1606189.865221 184.538677 0.624152 -2.595897 47.197435
S0991.JPG 717776.206667 1606168.807582 184.729462 0.554997 -2.267995 45.718831
S0992.JPG 717789.942182 1606147.724952 184.799116 0.600006 -2.002212 45.021200
S0993.JPG 717803.103652 1606126.698197 184.852912 1.740798 -2.406587 45.473992
S0994.JPG 717816.597779 1606105.385882 184.568726 1.057587 -1.972958 44.044781
S0995.JPG 717830.100109 1606084.456061 184.280859 0.288262 -2.157116 45.034210
S0996.JPG 717843.385303 1606063.308766 184.294943 -0.115856 -2.227838 47.020564
S0997.JPG 717856.717657 1606042.423371 184.707348 0.912758 -2.100667 48.160365
S0998.JPG 717870.429943 1606021.684138 184.956361 1.182588 -1.906669 47.384227
S0999.JPG 717883.991760 1606000.666889 185.028112 1.400090 -1.793844 47.069767
S1000.JPG 717897.430439 1605979.041259 184.873508 1.013211 -1.578614 47.017445
S1001.JPG 717910.602051 1605957.807599 184.642747 0.773527 -1.735917 46.766530
S1002.JPG 717924.215139 1605936.605845 184.641779 0.545349 -1.667937 46.342216
S1003.JPG 717937.202980 1605915.521864 184.583655 0.575028 -1.407598 46.797012
S1004.JPG 717950.454005 1605894.500459 184.515347 0.917274 -1.589398 46.570094
S1005.JPG 717964.004915 1605873.361690 184.430726 0.753239 -1.104409 46.937764
S1006.JPG 717977.366143 1605852.165838 184.378925 0.491814 -1.582308 46.750524
S1007.JPG 717991.165051 1605831.352427 184.447128 0.927225 -1.577786 47.113200
S1008.JPG 718004.814872 1605810.538173 184.318024 1.117688 -1.536625 47.619944
S1009.JPG 718018.215777 1605789.567820 184.330098 0.469723 -2.314252 47.817334
S1010.JPG 718031.747654 1605768.603342 184.563051 0.867993 -1.728739 48.596520
S1011.JPG 718044.834115 1605748.864011 184.536800 1.397544 -1.621568 47.896911
S1012.JPG 718067.846276 1605764.242487 184.506884 -1.002005 2.372653 -155.370482
S1013.JPG 718053.803170 1605785.016151 184.506710 -1.423333 2.227836 -156.568735
S1014.JPG 718040.305747 1605805.707368 184.359135 -0.506267 1.935649 -157.088624
S1015.JPG 718026.738076 1605826.723864 184.230991 -0.724428 1.802343 -158.420967
S1016.JPG 718013.225081 1605847.684230 184.148013 -0.455420 1.995948 -159.252207
S1017.JPG 717999.968955 1605868.448128 184.059214 0.383704 1.784261 -158.922812
S1018.JPG 717986.489264 1605889.503085 184.086925 0.718748 1.630034 -158.038343
S1019.JPG 717972.945758 1605910.652901 184.053786 0.652752 2.440610 -158.058088
S1020.JPG 717959.558718 1605931.467030 184.132081 0.668391 2.519813 -157.594905
S1021.JPG 717946.020331 1605952.541224 184.279117 0.382826 2.354467 -158.143640
S1022.JPG 717932.652832 1605973.303275 184.399106 0.455816 2.762985 -158.402411
S1023.JPG 717919.178067 1605995.162049 184.450546 0.525630 2.473861 -159.203619
S1024.JPG 717905.923483 1606016.204670 184.399732 0.649361 2.413990 -160.732293
S1025.JPG 717892.874878 1606037.349737 184.226310 1.420992 2.118999 -158.906546
S1026.JPG 717879.590434 1606058.815051 184.458884 0.625139 1.408991 -158.404172
S1027.JPG 717866.085580 1606079.505173 184.507891 0.340620 1.853293 -159.457056
S1028.JPG 717852.811794 1606100.699566 184.563178 0.043301 2.028591 -158.130304
S1029.JPG 717839.409863 1606121.781019 184.589104 -0.063535 1.978932 -158.282039
S1030.JPG 717825.840642 1606142.610704 184.598822 -0.020709 2.118195 -156.387153
S1031.JPG 717812.287395 1606164.111496 184.492832 -0.470044 2.663491 -157.210724
S1032.JPG 717798.885940 1606185.067762 184.409621 -0.309305 2.523857 -158.287577
S1033.JPG 717785.641515 1606206.480388 184.346360 0.285719 1.872166 -158.083613
S1034.JPG 717772.489968 1606227.523858 184.349607 -0.038892 2.062322 -157.722306
S1035.JPG 717759.072087 1606248.537045 184.356942 -0.100675 1.854554 -157.811007
S1036.JPG 717745.833885 1606269.560750 184.377875 0.146894 2.287480 -157.574518
S1037.JPG 717732.430079 1606290.542256 184.352622 0.400319 2.156282 -158.027040
S1038.JPG 717718.882054 1606311.883990 184.323405 0.606232 2.123336 -157.986272
S1039.JPG 717705.280276 1606332.883456 184.204587 0.247024 2.396496 -157.158166
S1040.JPG 717691.635703 1606353.602439 184.165167 0.536183 2.559664 -157.740260
S1041.JPG 717678.262871 1606374.751025 184.144440 0.554617 2.441187 -157.799173
S1042.JPG 717664.636875 1606395.763501 184.189226 0.659979 2.399281 -157.204836
S1043.JPG 717651.160664 1606416.951789 184.193723 0.704438 2.315818 -156.888367
S1044.JPG 717637.697921 1606438.017143 184.246680 0.533274 2.847206 -156.332106
S1045.JPG 717624.261751 1606459.093836 184.350987 0.681343 2.348692 -157.188975
S1046.JPG 717610.775247 1606480.257431 184.337257 0.637130 2.223119 -156.576871
S1047.JPG 717597.452762 1606500.933669 184.300296 0.825796 2.484805 -157.113897
S1048.JPG 717583.830429 1606521.960395 184.307502 1.247947 2.653402 -156.856740
S1049.JPG 717570.268090 1606543.224227 184.445031 1.108682 2.518607 -156.389811
S1050.JPG 717556.932902 1606564.116281 184.389424 0.944463 2.383752 -155.699567
S1051.JPG 717543.346803 1606584.954124 184.347917 1.099288 2.988652 -156.242163
S1052.JPG 717186.656020 1606423.857853 184.322800 0.936957 -3.984804 49.601675
S1053.JPG 717201.200078 1606403.662179 184.484455 1.092723 -4.058709 49.559616
S1054.JPG 717215.729993 1606383.127257 184.627126 1.159078 -3.576876 48.030251
S1055.JPG 717229.806850 1606362.403540 184.629310 1.112892 -3.142030 47.134840
S1056.JPG 717243.482259 1606341.616354 184.592749 1.218968 -3.209671 46.743564
S1057.JPG 717257.232680 1606320.577162 184.394405 0.659717 -2.884725 45.976374
S1058.JPG 717270.252099 1606299.505987 184.375780 0.148915 -3.095033 45.796049
S1059.JPG 717283.487281 1606278.354757 184.499709 0.434358 -2.786959 46.063657
S1060.JPG 717296.787544 1606257.213915 184.590283 0.457997 -2.477502 46.666758
S1061.JPG 717309.989734 1606235.895323 184.594805 0.698879 -2.566764 46.674893
S1062.JPG 717323.161152 1606214.679536 184.538696 0.397535 -2.632911 46.056362
S1063.JPG 717336.286009 1606193.674844 184.711203 0.921939 -2.472696 46.560635
S1064.JPG 717349.423620 1606172.247014 184.727855 1.045623 -2.142807 45.757780
S1065.JPG 717362.563498 1606150.925269 184.656210 0.739000 -1.900541 45.387890
S1066.JPG 717375.512383 1606129.761551 184.551320 0.387814 -1.657625 46.089384
S1067.JPG 717388.651318 1606108.247410 184.519777 0.603959 -1.933056 45.820209
S1068.JPG 717401.724246 1606087.103287 184.472178 0.326233 -2.139845 46.409207
S1069.JPG 717415.142207 1606065.835850 184.501667 0.492447 -2.394343 46.621802
S1070.JPG 717428.396011 1606044.681444 184.616540 0.413251 -1.980174 47.495763
S1071.JPG 717441.462608 1606023.523027 184.592302 0.634374 -1.926304 47.159559
S1072.JPG 717454.797872 1606002.326490 184.642646 0.571666 -0.873881 47.461239
S1073.JPG 717467.852680 1605980.936761 184.483655 0.334509 -1.685153 48.170026
S1074.JPG 717481.343845 1605959.543844 184.408723 1.103424 -1.518761 48.008615
S1075.JPG 717494.308195 1605938.895022 184.387925 -0.252888 -0.810075 48.389169
S1076.JPG 717507.527618 1605917.650566 184.398068 -0.005613 -1.873011 48.962145
S1077.JPG 717521.409133 1605896.792921 184.471004 0.718231 -1.670778 49.467863
S1078.JPG 717535.295788 1605876.130236 184.504428 1.266867 -2.389092 48.900477
S1079.JPG 717549.188118 1605855.165629 184.385809 0.653690 -2.328833 48.347158
S1080.JPG 717563.012549 1605834.369014 184.296468 1.042037 -3.219582 47.265809
S1081.JPG 717576.625458 1605813.060725 184.566558 0.471310 -1.068316 48.760001
S1082.JPG 717590.081409 1605792.350569 184.760174 1.723444 -2.063018 47.462319
S1083.JPG 717603.820894 1605771.493473 184.706182 1.323554 -1.930017 46.770796
S1084.JPG 717617.299366 1605750.532698 184.772258 1.443162 -1.081127 45.833605
S1085.JPG 717630.507015 1605729.371830 184.615042 1.289263 -1.258555 45.178881
S1086.JPG 717643.754186 1605708.297176 184.276851 0.378585 -1.952341 44.203005
S1087.JPG 717657.018788 1605686.494005 184.111458 -0.614539 -1.724343 44.955894
S1088.JPG 717670.108451 1605665.132951 184.254115 -1.159569 -1.516575 47.052500
S1089.JPG 717683.519546 1605644.392828 184.356776 0.397734 -2.275660 47.696178
S1090.JPG 717696.792947 1605623.631054 184.088774 -0.401137 -2.396773 47.942121
S1091.JPG 717710.430017 1605602.728270 184.173005 0.303662 -3.003991 48.576353
S1092.JPG 717724.331389 1605581.754451 184.441505 0.679773 -2.681235 49.278679
S1093.JPG 717733.984351 1605567.305792 184.577484 1.566119 -2.623082 48.865242
S1094.JPG 717756.825690 1605581.095574 184.045730 -0.032007 3.242472 -156.583221
S1095.JPG 717743.043661 1605601.793638 184.091811 0.280761 1.742981 -157.533756
S1096.JPG 717729.074769 1605622.706403 184.155308 -0.256350 1.705510 -156.153197
S1097.JPG 717715.906500 1605643.175023 184.525088 -1.131794 2.107974 -156.224691
S1098.JPG 717702.271897 1605664.119955 184.591537 -0.679153 2.436532 -157.988730
S1099.JPG 717688.954623 1605684.761766 183.956837 0.798825 2.321560 -157.939582
S1100.JPG 717675.142072 1605706.295411 183.741708 1.368890 3.242158 -158.748828
S1101.JPG 717661.681986 1605727.289478 184.144624 1.685336 2.728605 -158.083900
S1102.JPG 717648.254962 1605748.225095 184.326476 1.091018 3.771377 -159.720233
S1103.JPG 717634.962902 1605769.122540 184.309072 2.179809 2.396462 -160.352009
S1104.JPG 717621.810725 1605790.283972 184.454620 1.512797 3.082065 -160.513146
S1105.JPG 717608.431816 1605811.527285 184.579155 1.306853 2.422838 -161.363741
S1106.JPG 717595.454770 1605832.917479 184.250821 0.941324 2.709938 -161.523636
S1107.JPG 717582.284034 1605854.050073 184.235969 1.062137 2.342329 -160.129007
S1108.JPG 717568.837895 1605875.229014 184.389599 1.314151 2.779134 -160.494606
S1109.JPG 717555.542573 1605896.449923 184.262742 1.426362 2.843705 -159.861471
S1110.JPG 717542.472197 1605917.431601 184.184341 1.601800 2.377807 -159.420654
S1111.JPG 717529.172319 1605938.256748 184.168034 2.173615 3.686619 -160.076227
S1112.JPG 717515.784340 1605960.122462 184.322839 2.125090 2.545609 -159.218228
S1113.JPG 717502.630740 1605980.927998 184.613501 1.056486 2.833093 -159.445688
S1114.JPG 717489.372452 1606002.353785 184.790414 0.387716 1.753216 -156.928931
S1115.JPG 717475.902068 1606023.358977 184.783059 -0.080846 2.226880 -157.669593
S1116.JPG 717462.723612 1606044.644768 184.640527 -0.544204 2.144796 -159.033297
S1117.JPG 717449.650830 1606065.778287 184.326300 0.094803 1.740423 -159.031185
S1118.JPG 717436.733097 1606087.080149 184.165840 0.743564 1.393303 -158.338602
S1119.JPG 717423.253020 1606108.478396 184.328887 0.176027 1.158772 -156.460178
S1120.JPG 717409.657451 1606129.525755 184.562949 -0.042951 1.591324 -159.461394
S1121.JPG 717396.274033 1606150.428376 184.280925 0.772090 1.440117 -158.989908
S1122.JPG 717382.610150 1606171.442895 184.316886 0.657559 2.304034 -157.176960
S1123.JPG 717369.044816 1606191.970968 184.404321 0.680434 2.255202 -158.586015
S1124.JPG 717355.192091 1606213.342745 184.306908 0.424633 2.253007 -158.018138
S1125.JPG 717341.511689 1606234.483896 184.165962 0.534153 2.718272 -158.664690
S1126.JPG 717327.898120 1606255.002154 184.089504 0.386305 2.555690 -157.958499
S1127.JPG 717314.346235 1606276.113349 183.946282 1.246419 3.206263 -158.387762
S1128.JPG 717300.800732 1606296.883023 184.166145 1.193316 2.503868 -157.945175
S1129.JPG 717287.183181 1606318.086474 184.399492 0.601218 2.622985 -156.865588
S1130.JPG 717273.396302 1606339.427549 184.549912 0.112492 2.649251 -157.074185
S1131.JPG 717260.195511 1606360.364972 184.460390 0.237237 2.544170 -157.081483
S1132.JPG 717246.802063 1606381.360851 184.425337 -0.214340 2.294243 -157.416932
S1133.JPG 717233.520398 1606402.493557 184.363148 0.505747 2.016691 -157.718460
S1134.JPG 717220.096572 1606423.631698 184.295663 0.949477 1.951286 -158.922381
S1135.JPG 717237.673873 1606453.665421 184.356417 -0.098996 -1.427431 46.782846
S1136.JPG 717250.681362 1606432.564876 184.105477 -0.137960 -2.486889 47.312172
S1137.JPG 717264.166325 1606411.441252 184.170281 0.073633 -2.623729 46.285491
S1138.JPG 717277.575755 1606390.429690 184.343757 -0.020371 -2.379390 46.674502
S1139.JPG 717290.895548 1606369.545364 184.814836 0.643945 -1.723470 47.188721
S1140.JPG 717304.460892 1606348.494990 184.713515 0.748172 -2.056180 47.349967
S1141.JPG 717318.021642 1606327.455068 184.496653 0.533047 -2.432671 46.897429
S1142.JPG 717331.689958 1606306.104981 184.427303 0.158933 -2.444189 47.673875
S1143.JPG 717344.756340 1606285.373061 184.400998 1.024986 -3.039940 47.849493
S1144.JPG 717358.271792 1606264.302218 184.265880 -0.486001 -2.344500 47.428469
S1145.JPG 717371.600704 1606243.444052 184.118414 -0.416274 -2.904911 49.748731
S1146.JPG 717385.205079 1606222.183225 184.283804 -0.059054 -3.308871 51.659472
S1147.JPG 717398.707795 1606201.201650 184.340616 0.371919 -3.714943 51.311948
S1148.JPG 717412.526484 1606180.295201 184.612911 0.318453 -3.726413 50.110570
S1149.JPG 717426.242008 1606159.506386 184.827570 0.524994 -2.355769 49.373743
S1150.JPG 717440.182192 1606138.776911 184.845592 1.004858 -2.603865 48.752194
S1151.JPG 717454.030467 1606117.715424 184.532905 0.509684 -2.745681 47.969878
S1152.JPG 717467.587059 1606096.471997 184.599119 0.337928 -3.202410 46.791359
S1153.JPG 717480.841528 1606075.458676 184.593391 -0.099629 -1.858148 46.551279
S1154.JPG 717494.129213 1606054.238379 184.275338 0.355356 -3.704791 47.463163
S1155.JPG 717507.117803 1606032.915598 184.361445 -0.542195 -2.554637 46.789530
S1156.JPG 717519.674515 1606011.970956 184.503775 0.110310 -1.873074 48.762429
S1157.JPG 717533.024495 1605990.702762 184.370828 -0.381893 -2.049859 48.822063
S1158.JPG 717546.853029 1605969.133127 184.452002 0.359303 -2.952593 48.564575
S1159.JPG 717559.969732 1605948.251342 184.507480 -0.166074 -1.585750 51.807815
S1160.JPG 717574.062792 1605927.385035 184.550749 0.869593 -2.512896 52.430589
S1161.JPG 717588.069302 1605906.682020 184.735261 2.525949 -2.533365 49.587143
S1162.JPG 717601.636062 1605885.951282 184.206837 1.207508 -2.587289 50.393563
S1163.JPG 717615.299386 1605865.209160 184.220305 0.586875 -3.179910 49.926218
S1164.JPG 717628.936525 1605844.259757 184.494519 0.530622 -2.566355 50.600391
S1165.JPG 717642.527098 1605823.005117 184.590865 0.802404 -2.735986 50.060938
S1166.JPG 717655.718398 1605801.728676 184.802088 1.256819 -2.188825 48.210226
S1167.JPG 717668.536134 1605780.550393 184.748184 0.047556 -0.842902 47.133544
S1168.JPG 717681.723781 1605759.306047 184.309518 0.457411 -1.912282 48.907749
S1169.JPG 717694.906916 1605738.277594 184.061935 0.033081 -2.631772 48.465588
S1170.JPG 717708.372060 1605716.444758 184.234604 0.181668 -2.011866 48.341530
S1171.JPG 717722.157210 1605695.385728 184.331013 0.142377 -1.678184 48.843602
S1172.JPG 717735.714076 1605674.771405 184.346162 1.454548 -2.029008 47.758279
S1173.JPG 717749.442417 1605654.136137 184.474463 1.093075 -2.103924 46.108136
S1174.JPG 717762.413759 1605633.258302 184.139162 0.905395 -2.016173 46.865537
S1175.JPG 717776.006028 1605612.392611 184.120776 0.570740 -2.687123 48.151006
S1176.JPG 717706.128053 1605551.488489 184.411125 -1.153677 0.751775 -158.674743
S1177.JPG 717693.172084 1605573.045574 183.916017 -0.723084 0.600270 -158.902711
S1178.JPG 717680.285659 1605594.337860 183.750430 -0.126196 1.316127 -159.386765
S1179.JPG 717667.562398 1605615.464969 183.965247 0.163166 1.566590 -158.119346
S1180.JPG 717654.357356 1605636.373011 183.956396 0.567180 1.525687 -157.114742
S1181.JPG 717641.123130 1605657.524670 184.439936 -0.925420 1.199983 -157.416036
S1182.JPG 717627.537782 1605678.742326 184.306715 -1.014564 1.810124 -158.289729
S1183.JPG 717614.003263 1605699.569236 184.048576 0.090111 1.711504 -159.479187
S1184.JPG 717600.612361 1605720.512615 184.172826 0.298208 1.725781 -161.055856
S1185.JPG 717586.924060 1605741.660824 184.189765 -0.055660 1.857720 -159.998233
S1186.JPG 717573.188412 1605762.566852 184.172450 0.203368 2.588839 -159.773819
S1187.JPG 717559.848165 1605783.096077 184.080544 0.305082 1.877283 -160.380964
S1188.JPG 717546.023751 1605804.292719 184.110833 0.284398 2.488236 -159.799860
S1189.JPG 717532.510484 1605825.245718 184.114886 0.473838 2.139360 -160.924995
S1190.JPG 717518.925031 1605846.213079 184.178946 0.609515 2.029653 -160.830315
S1191.JPG 717505.589811 1605867.229475 184.292962 0.279804 2.031965 -160.496311
S1192.JPG 717491.920793 1605888.281704 184.267521 0.520845 2.140324 -160.329059
S1193.JPG 717478.277075 1605909.111875 184.368345 0.193126 1.930946 -160.790622
S1194.JPG 717464.908065 1605930.041203 184.231140 0.417443 2.068072 -161.564146
S1195.JPG 717451.820632 1605951.128946 184.232454 0.178043 1.978844 -161.236376
S1196.JPG 717438.183228 1605972.224344 184.219755 0.254170 1.471567 -160.471153
S1197.JPG 717424.691009 1605993.006171 184.091900 0.506757 2.452311 -160.937356
S1198.JPG 717411.224598 1606014.081447 184.072442 0.807082 2.354239 -161.701712
S1199.JPG 717397.637677 1606035.357431 183.990009 0.601787 2.405218 -161.319440
S1200.JPG 717384.214553 1606056.157963 184.200639 0.940076 2.396833 -160.575435
S1201.JPG 717370.635529 1606077.457985 184.303164 0.643343 2.775925 -160.012645
S1202.JPG 717357.244241 1606098.676504 184.280579 0.445272 2.647691 -160.599201
S1203.JPG 717343.792204 1606119.765780 184.247810 1.058801 1.558418 -160.214211
S1204.JPG 717330.434804 1606140.962833 184.278961 0.763334 1.992258 -159.221259
S1205.JPG 717317.037549 1606161.650456 184.410643 0.550914 1.976972 -159.815146
S1206.JPG 717303.311764 1606182.708345 184.451904 0.644430 2.526393 -160.702216
S1207.JPG 717289.848884 1606203.957192 184.494338 0.566961 2.231292 -159.586882
S1208.JPG 717276.320898 1606224.874376 184.448297 0.293445 2.291559 -159.986276
S1209.JPG 717262.708080 1606246.081614 184.316533 0.611027 2.024745 -159.831345
S1210.JPG 717249.312567 1606266.936244 184.107010 1.121521 2.491666 -160.276902
S1211.JPG 717236.106403 1606288.003410 184.117002 1.199893 2.495943 -159.291623
S1212.JPG 717222.504557 1606309.003683 184.129991 1.225903 2.550751 -159.205512
S1213.JPG 717208.756167 1606330.248469 184.112724 1.170453 2.617022 -159.503020
S1214.JPG 717195.435900 1606351.368197 184.188785 1.118649 2.397327 -159.418822
S1215.JPG 717182.002517 1606372.118167 184.245252 0.872910 2.601269 -158.267720
S1216.JPG 717168.567090 1606393.201167 184.222481 0.643407 2.524805 -157.830684
