A0619.JPG,717540.946354,1606033.020392,184.242828
D0619.JPG,717540.985920,1606032.925722,184.241078
S0619.JPG,717540.964836,1606032.973174,184.219961
W0619.JPG,717541.013167,1606032.992948,184.239146
X0619.JPG,717540.918962,1606032.953479,184.244508
A0620.JPG,717527.297628,1606053.989871,184.238302
D0620.JPG,717527.337375,1606053.895268,184.237126
S0620.JPG,717527.316706,1606053.942763,184.215699
W0620.JPG,717527.364551,1606053.962542,184.236057
X0620.JPG,717527.270312,1606053.922910,184.239116
A0621.JPG,717513.539148,1606074.946286,184.182440
D0621.JPG,717513.576728,1606074.850832,184.179770
S0621.JPG,717513.556712,1606074.898943,184.159112
W0621.JPG,717513.605383,1606074.917489,184.178659
X0621.JPG,717513.510355,1606074.879948,184.183301
A0622.JPG,717499.897047,1606096.013981,184.093197
D0622.JPG,717499.937144,1606095.919548,184.090860
S0622.JPG,717499.915933,1606095.967070,184.070031
W0622.JPG,717499.964032,1606095.986937,184.089697
X0622.JPG,717499.870014,1606095.946907,184.094109
A0623.JPG,717486.629112,1606117.102561,184.148718
D0623.JPG,717486.670289,1606117.008579,184.147102
S0623.JPG,717486.648765,1606117.055795,184.125900
W0623.JPG,717486.696429,1606117.076263,184.146005
X0623.JPG,717486.602826,1606117.035190,184.149562
A0624.JPG,717473.507186,1606138.328019,184.095435
D0624.JPG,717473.550442,1606138.234961,184.095028
S0624.JPG,717473.528498,1606138.281698,184.073204
W0624.JPG,717473.575113,1606138.303202,184.094640
X0624.JPG,717473.482369,1606138.260088,184.095565
A0625.JPG,717459.984886,1606159.332453,183.959017
D0625.JPG,717460.026797,1606159.238822,183.956252
S0625.JPG,717460.004926,1606159.286134,183.935629
W0625.JPG,717460.052409,1606159.306715,183.956043
X0625.JPG,717459.959125,1606159.264874,183.958976
A0626.JPG,717446.364243,1606180.322855,184.046259
D0626.JPG,717446.405990,1606180.229150,184.043507
S0626.JPG,717446.383948,1606180.276385,184.022887
W0626.JPG,717446.431692,1606180.297005,184.042641
X0626.JPG,717446.338390,1606180.255314,184.046875
A0627.JPG,717432.778523,1606201.290574,184.056899
D0627.JPG,717432.819373,1606201.196485,184.053826
S0627.JPG,717432.797918,1606201.244056,184.033362
W0627.JPG,717432.845738,1606201.264089,184.053532
X0627.JPG,717432.752012,1606201.223285,184.056945
A0628.JPG,717419.204691,1606222.293405,184.349620
D0628.JPG,717419.245909,1606222.199464,184.346928
S0628.JPG,717419.224145,1606222.246814,184.326277
W0628.JPG,717419.271994,1606222.267173,184.346050
X0628.JPG,717419.178456,1606222.226010,184.350248
A0629.JPG,717405.526081,1606243.203121,184.445745
D0629.JPG,717405.567830,1606243.109410,184.443261
S0629.JPG,717405.545348,1606243.156389,184.422532
W0629.JPG,717405.593462,1606243.177261,184.441088
X0629.JPG,717405.500292,1606243.135580,184.447668
A0630.JPG,717392.207955,1606264.351050,184.282048
D0630.JPG,717392.247599,1606264.256482,184.278023
S0630.JPG,717392.226536,1606264.304436,184.258050
W0630.JPG,717392.274798,1606264.323755,184.277860
X0630.JPG,717392.180610,1606264.284096,184.281965
A0631.JPG,717378.884283,1606285.566876,184.429746
D0631.JPG,717378.925023,1606285.472715,184.427570
S0631.JPG,717378.903702,1606285.520148,184.406651
W0631.JPG,717378.951475,1606285.540282,184.426832
X0631.JPG,717378.857685,1606285.499623,184.430233
A0632.JPG,717365.677719,1606306.688510,184.405563
D0632.JPG,717365.719315,1606306.594707,184.404245
S0632.JPG,717365.697917,1606306.641909,184.382883
W0632.JPG,717365.745180,1606306.662503,184.403787
X0632.JPG,717365.651709,1606306.621026,184.405766
A0633.JPG,717352.254679,1606327.874686,184.260443
D0633.JPG,717352.296635,1606327.781048,184.258829
S0633.JPG,717352.274950,1606327.828187,184.237619
W0633.JPG,717352.322233,1606327.848946,184.258315
X0633.JPG,717352.228935,1606327.807101,184.260703
A0634.JPG,717338.829868,1606348.957001,184.297066
D0634.JPG,717338.870663,1606348.862840,184.296406
S0634.JPG,717338.849487,1606348.909993,184.274719
W0634.JPG,717338.897092,1606348.930406,184.295015
X0634.JPG,717338.803295,1606348.889747,184.298200
A0635.JPG,717325.263130,1606369.919202,184.069604
D0635.JPG,717325.298840,1606369.823022,184.067326
S0635.JPG,717325.279843,1606369.871459,184.046467
W0635.JPG,717325.328800,1606369.889102,184.066135
X0635.JPG,717325.233039,1606369.853442,184.070545
A0636.JPG,717311.905712,1606391.188910,183.826484
D0636.JPG,717311.944446,1606391.093968,183.822409
S0636.JPG,717311.924078,1606391.142228,183.802453
W0636.JPG,717311.972319,1606391.160964,183.822866
X0636.JPG,717311.877699,1606391.122236,183.825782
A0637.JPG,717298.471560,1606412.141775,184.289590
D0637.JPG,717298.512883,1606412.047866,184.287492
S0637.JPG,717298.491308,1606412.095166,184.266532
W0637.JPG,717298.538920,1606412.115594,184.286796
X0637.JPG,717298.445376,1606412.074360,184.290034
A0638.JPG,717284.840944,1606432.993419,183.967197
D0638.JPG,717284.883063,1606432.899975,183.962195
S0638.JPG,717284.860620,1606432.947507,183.942724
W0638.JPG,717284.908464,1606432.967948,183.962423
X0638.JPG,717284.815388,1606432.925764,183.966727
A0639.JPG,717271.005271,1606454.022505,183.916674
D0639.JPG,717271.044280,1606453.927699,183.912095
S0639.JPG,717271.023268,1606453.975797,183.892417
W0639.JPG,717271.071889,1606453.994804,183.911644
X0639.JPG,717270.977516,1606453.955720,183.916882
A0640.JPG,717289.800570,1606484.777618,184.234395
D0640.JPG,717289.729672,1606484.851740,184.231176
S0640.JPG,717289.766175,1606484.814407,184.210781
W0640.JPG,717289.728329,1606484.779188,184.231329
X0640.JPG,717289.802158,1606484.849923,184.233993
A0641.JPG,717302.834812,1606463.030427,184.448345
D0641.JPG,717302.762786,1606463.103517,184.447369
S0641.JPG,717302.799451,1606463.066991,184.425836
W0641.JPG,717302.762512,1606463.030957,184.446619
X0641.JPG,717302.835331,1606463.102746,184.448839
A0642.JPG,717315.804261,1606441.649893,184.442753
D0642.JPG,717315.729676,1606441.720359,184.441139
S0642.JPG,717315.767534,1606441.684878,184.419924
W0642.JPG,717315.731981,1606441.647831,184.441335
X0642.JPG,717315.802207,1606441.722186,184.442303
A0643.JPG,717329.009172,1606420.454487,184.082436
D0643.JPG,717328.933500,1606420.523743,184.079528
S0643.JPG,717328.972359,1606420.488961,184.058975
W0643.JPG,717328.936980,1606420.451262,184.079520
X0643.JPG,717329.005954,1606420.526738,184.082195
A0644.JPG,717342.206929,1606399.259790,184.412208
D0644.JPG,717342.131000,1606399.328781,184.409748
S0644.JPG,717342.169965,1606399.294254,184.388970
W0644.JPG,717342.134746,1606399.256315,184.409345
X0644.JPG,717342.203445,1606399.332029,184.412360
A0645.JPG,717355.522992,1606378.109798,184.574839
D0645.JPG,717355.446568,1606378.178259,184.572974
S0645.JPG,717355.485738,1606378.144147,184.551897
W0645.JPG,717355.450831,1606378.105825,184.572093
X0645.JPG,717355.518992,1606378.182008,184.575468
A0646.JPG,717368.788164,1606357.074255,184.504650
D0646.JPG,717368.713199,1606357.144303,184.502516
S0646.JPG,717368.751544,1606357.109188,184.481569
W0646.JPG,717368.715923,1606357.071791,184.502246
X0646.JPG,717368.785697,1606357.146536,184.504669
A0647.JPG,717382.156696,1606335.842711,184.451015
D0647.JPG,717382.080670,1606335.911581,184.448209
S0647.JPG,717382.119631,1606335.876946,184.427603
W0647.JPG,717382.084511,1606335.839118,184.448354
X0647.JPG,717382.153116,1606335.914944,184.450620
A0648.JPG,717395.487232,1606314.831228,184.407243
D0648.JPG,717395.412124,1606314.901103,184.404563
S0648.JPG,717395.450655,1606314.866027,184.383894
W0648.JPG,717395.415010,1606314.828596,184.404469
X0648.JPG,717395.484604,1606314.903503,184.407087
A0649.JPG,717408.932811,1606293.750419,184.387258
D0649.JPG,717408.857653,1606293.820259,184.385122
S0649.JPG,717408.895991,1606293.785138,184.364174
W0649.JPG,717408.860566,1606293.747754,184.385208
X0649.JPG,717408.930154,1606293.822692,184.386921
A0650.JPG,717422.613144,1606272.831670,184.401224
D0650.JPG,717422.536991,1606272.900446,184.399958
S0650.JPG,717422.575846,1606272.866166,184.378574
W0650.JPG,717422.540947,1606272.827995,184.399066
X0650.JPG,717422.609448,1606272.903896,184.401861
A0651.JPG,717436.504828,1606251.956899,184.307151
D0651.JPG,717436.428568,1606252.025528,184.304810
S0651.JPG,717436.467810,1606251.991348,184.283979
W0651.JPG,717436.432679,1606251.953086,184.303897
X0651.JPG,717436.500982,1606252.029116,184.307814
A0652.JPG,717450.416124,1606231.086936,184.375882
D0652.JPG,717450.339413,1606231.155062,184.373609
S0652.JPG,717450.378791,1606231.121063,184.352739
W0652.JPG,717450.343989,1606231.082646,184.372933
X0652.JPG,717450.411813,1606231.159129,184.376307
A0653.JPG,717464.198868,1606210.323822,184.401873
D0653.JPG,717464.120954,1606210.390550,184.399085
S0653.JPG,717464.160836,1606210.356987,184.378469
W0653.JPG,717464.126807,1606210.318223,184.399309
X0653.JPG,717464.193281,1606210.395928,184.401400
A0654.JPG,717478.230973,1606189.555329,184.380427
D0654.JPG,717478.151643,1606189.620342,184.377115
S0654.JPG,717478.192791,1606189.588155,184.356792
W0654.JPG,717478.159148,1606189.548177,184.375894
X0654.JPG,717478.223747,1606189.627284,184.381400
A0655.JPG,717492.063180,1606168.774411,184.427377
D0655.JPG,717491.985698,1606168.841591,184.423597
S0655.JPG,717492.025981,1606168.808185,184.403511
W0655.JPG,717491.991194,1606168.769241,184.422699
X0655.JPG,717492.057957,1606168.846542,184.428029
A0656.JPG,717505.667658,1606147.773023,184.556053
D0656.JPG,717505.591815,1606147.842105,184.553518
S0656.JPG,717505.630988,1606147.807783,184.532791
W0656.JPG,717505.595511,1606147.769644,184.552329
X0656.JPG,717505.664227,1606147.845258,184.556992
A0657.JPG,717519.097723,1606126.680070,184.880841
D0657.JPG,717519.023387,1606126.750793,184.878970
S0657.JPG,717519.061391,1606126.715388,184.857891
W0657.JPG,717519.025460,1606126.678260,184.878517
X0657.JPG,717519.095905,1606126.752370,184.881042
A0658.JPG,717532.516454,1606105.577518,184.704864
D0658.JPG,717532.441896,1606105.648028,184.704142
S0658.JPG,717532.479948,1606105.613024,184.682488
W0658.JPG,717532.444190,1606105.575514,184.702719
X0658.JPG,717532.514414,1606105.649803,184.706031
A0659.JPG,717546.159527,1606084.496164,184.377849
D0659.JPG,717546.087872,1606084.569583,184.375358
S0659.JPG,717546.124921,1606084.532992,184.354607
W0659.JPG,717546.087299,1606084.497029,184.374258
X0659.JPG,717546.160351,1606084.568477,184.378699
A0660.JPG,717559.331684,1606063.300363,184.215955
D0660.JPG,717559.257693,1606063.371448,184.214208
S0660.JPG,717559.295964,1606063.336354,184.193093
W0660.JPG,717559.259476,1606063.298935,184.212155
X0660.JPG,717559.330160,1606063.372647,184.217756
A0661.JPG,717572.110025,1606041.906176,184.520820
D0661.JPG,717572.033117,1606041.974115,184.520219
S0661.JPG,717572.072015,1606041.940100,184.498493
W0661.JPG,717572.037848,1606041.901707,184.519788
X0661.JPG,717572.105553,1606041.978360,184.520994
A0702.JPG,717593.053554,1606063.632786,184.045541
D0702.JPG,717593.088761,1606063.536409,184.043843
S0702.JPG,717593.070394,1606063.584956,184.022678
W0702.JPG,717593.119105,1606063.602321,184.043186
X0702.JPG,717593.023085,1606063.567196,184.045945
A0703.JPG,717579.507143,1606084.706147,184.369341
D0703.JPG,717579.544704,1606084.610649,184.368826
S0703.JPG,717579.525110,1606084.658449,184.347068
W0703.JPG,717579.573418,1606084.677271,184.367241
X0703.JPG,717579.478295,1606084.639840,184.370669
A0704.JPG,717565.935583,1606105.884709,184.430325
D0704.JPG,717565.972560,1606105.788983,184.430526
S0704.JPG,717565.953271,1606105.836742,184.408409
W0704.JPG,717566.001682,1606105.855415,184.428476
X0704.JPG,717565.906330,1606105.818591,184.432115
A0705.JPG,717552.515410,1606127.219555,184.344718
D0705.JPG,717552.553686,1606127.124340,184.344769
S0705.JPG,717552.533976,1606127.171959,184.322720
W0705.JPG,717552.581918,1606127.191173,184.343392
X0705.JPG,717552.487045,1606127.153036,184.345836
A0706.JPG,717539.153948,1606148.029147,184.039760
D0706.JPG,717539.188778,1606147.932639,184.037766
S0706.JPG,717539.170516,1606147.981291,184.016752
W0706.JPG,717539.219372,1606147.998435,184.037102
X0706.JPG,717539.123230,1606147.963673,184.040172
A0707.JPG,717525.637944,1606169.176078,184.040104
D0707.JPG,717525.673237,1606169.079724,184.038935
S0707.JPG,717525.654750,1606169.128109,184.017506
W0707.JPG,717525.703516,1606169.145658,184.037725
X0707.JPG,717525.607540,1606169.110463,184.041059
A0708.JPG,717512.324000,1606190.177091,183.865082
D0708.JPG,717512.361385,1606190.081542,183.863157
S0708.JPG,717512.341672,1606190.129612,183.842115
W0708.JPG,717512.390201,1606190.148130,183.862038
X0708.JPG,717512.295049,1606190.110821,183.865949
A0709.JPG,717498.956524,1606211.474718,183.637230
D0709.JPG,717498.992660,1606211.378745,183.633461
S0709.JPG,717498.973650,1606211.427491,183.613348
W0709.JPG,717499.022350,1606211.444956,183.633797
X0709.JPG,717498.926704,1606211.408832,183.636648
A0710.JPG,717485.698498,1606232.554215,184.121018
D0710.JPG,717485.738673,1606232.459824,184.118305
S0710.JPG,717485.717659,1606232.507512,184.097656
W0710.JPG,717485.765532,1606232.527234,184.118006
X0710.JPG,717485.671496,1606232.487122,184.121067
A0711.JPG,717472.235961,1606253.520074,184.443622
D0711.JPG,717472.276240,1606253.425700,184.442138
S0711.JPG,717472.255429,1606253.473201,184.420862
W0711.JPG,717472.303047,1606253.493129,184.441605
X0711.JPG,717472.209014,1606253.452959,184.443901
A0712.JPG,717458.581373,1606274.589596,184.317871
D0712.JPG,717458.624172,1606274.496359,184.315414
S0712.JPG,717458.602064,1606274.543491,184.294629
W0712.JPG,717458.649157,1606274.564486,184.315520
X0712.JPG,717458.556239,1606274.521782,184.317514
A0713.JPG,717444.760119,1606295.282712,184.428693
D0713.JPG,717444.802131,1606295.189117,184.426248
S0713.JPG,717444.779770,1606295.236138,184.405483
W0713.JPG,717444.827614,1606295.257042,184.424689
X0713.JPG,717444.734481,1606295.215099,184.430002
A0714.JPG,717431.053187,1606316.343347,184.526115
D0714.JPG,717431.092773,1606316.248710,184.523328
S0714.JPG,717431.071883,1606316.296472,184.502723
W0714.JPG,717431.120032,1606316.315956,184.522647
X0714.JPG,717431.025784,1606316.276418,184.526547
A0715.JPG,717417.427583,1606337.166828,184.316593
D0715.JPG,717417.468782,1606337.072862,184.314556
S0715.JPG,717417.446988,1606337.120054,184.293577
W0715.JPG,717417.494875,1606337.140557,184.313106
X0715.JPG,717417.401339,1606337.099445,184.317792
A0716.JPG,717403.757494,1606358.187568,184.263040
D0716.JPG,717403.796178,1606358.092521,184.262356
S0716.JPG,717403.775966,1606358.140102,184.240685
W0716.JPG,717403.824100,1606358.159479,184.260750
X0716.JPG,717403.729435,1606358.120924,184.264390
A0717.JPG,717390.221091,1606379.279090,184.127004
D0717.JPG,717390.253704,1606379.181796,184.125875
S0717.JPG,717390.236513,1606379.230649,184.104428
W0717.JPG,717390.285791,1606379.246867,184.124517
X0717.JPG,717390.188887,1606379.214342,184.128108
A0718.JPG,717376.914981,1606400.291662,184.036731
D0718.JPG,717376.951184,1606400.195669,184.034360
S0718.JPG,717376.932321,1606400.244173,184.013534
W0718.JPG,717376.980844,1606400.261895,184.034180
X0718.JPG,717376.885193,1606400.225759,184.036660
A0719.JPG,717363.484926,1606421.654961,184.279495
D0719.JPG,717363.524155,1606421.560137,184.278856
S0719.JPG,717363.503882,1606421.607679,184.257155
W0719.JPG,717363.551709,1606421.627257,184.277748
X0719.JPG,717363.457235,1606421.588155,184.280346
A0720.JPG,717350.191238,1606442.600529,184.387120
D0720.JPG,717350.231217,1606442.506022,184.386099
S0720.JPG,717350.210464,1606442.553445,184.364592
W0720.JPG,717350.258231,1606442.573361,184.385003
X0720.JPG,717350.164083,1606442.533503,184.387960
A0721.JPG,717336.677236,1606463.652207,184.051459
D0721.JPG,717336.713495,1606463.556223,184.049624
S0721.JPG,717336.694284,1606463.604477,184.028539
W0721.JPG,717336.743085,1606463.622467,184.048281
X0721.JPG,717336.647515,1606463.586282,184.052550
A0722.JPG,717323.371482,1606484.868648,183.876859
D0722.JPG,717323.412251,1606484.774511,183.874185
S0722.JPG,717323.391008,1606484.822089,183.853514
W0722.JPG,717323.438692,1606484.842087,183.874039
X0722.JPG,717323.344897,1606484.801389,183.876755
A0723.JPG,717340.224444,1606514.045225,183.986698
D0723.JPG,717340.153295,1606514.119086,183.983047
S0723.JPG,717340.189939,1606514.081772,183.962871
W0723.JPG,717340.152201,1606514.046532,183.983581
X0723.JPG,717340.225786,1606514.117531,183.985918
A0724.JPG,717353.514288,1606492.778039,184.082384
D0724.JPG,717353.443786,1606492.852490,184.078216
S0724.JPG,717353.480016,1606492.814636,184.058300
W0724.JPG,717353.442047,1606492.779959,184.079532
X0724.JPG,717353.516271,1606492.850318,184.080823
A0725.JPG,717367.073883,1606471.817529,184.467598
D0725.JPG,717367.000910,1606471.889616,184.464526
S0725.JPG,717367.038305,1606471.853220,184.444053
W0725.JPG,717367.001607,1606471.817056,184.465039
X0725.JPG,717367.073437,1606471.889847,184.466836
A0726.JPG,717380.870689,1606451.011138,184.693569
D0726.JPG,717380.796623,1606451.082152,184.692103
S0726.JPG,717380.834760,1606451.047004,184.670836
W0726.JPG,717380.798454,1606451.009633,184.690334
X0726.JPG,717380.869115,1606451.083427,184.695084
A0727.JPG,717394.528674,1606430.180651,184.434362
D0727.JPG,717394.453265,1606430.250237,184.432844
S0727.JPG,717394.491969,1606430.215702,184.411597
W0727.JPG,717394.456467,1606430.177756,184.431463
X0727.JPG,717394.525732,1606430.252905,184.435490
A0728.JPG,717408.297464,1606409.417322,184.543616
D0728.JPG,717408.222404,1606409.487259,184.541204
S0728.JPG,717408.261239,1606409.452589,184.520420
W0728.JPG,717408.225291,1606409.414768,184.539712
X0728.JPG,717408.294838,1606409.489587,184.544858
A0729.JPG,717421.955129,1606388.490766,184.731092
D0729.JPG,717421.879256,1606388.559845,184.729594
S0729.JPG,717421.918108,1606388.525486,184.708332
W0729.JPG,717421.882933,1606388.487383,184.728475
X0729.JPG,717421.951713,1606388.563003,184.731958
A0730.JPG,717435.586818,1606367.494467,184.538175
D0730.JPG,717435.513010,1606367.565748,184.536605
S0730.JPG,717435.551137,1606367.530552,184.515398
W0730.JPG,717435.514596,1606367.493230,184.534548
X0730.JPG,717435.585489,1606367.566755,184.539978
A0731.JPG,717449.111853,1606346.536530,184.291224
D0731.JPG,717449.037424,1606346.607128,184.288539
S0731.JPG,717449.075861,1606346.571941,184.267885
W0731.JPG,717449.039646,1606346.534604,184.287616
X0731.JPG,717449.109891,1606346.608823,184.291897
A0732.JPG,717462.491406,1606325.342181,184.248520
D0732.JPG,717462.419043,1606325.414881,184.245459
S0732.JPG,717462.456490,1606325.378533,184.224995
W0732.JPG,717462.419180,1606325.342320,184.244781
X0732.JPG,717462.491523,1606325.414503,184.248949
A0733.JPG,717475.733780,1606304.170946,184.472552
D0733.JPG,717475.661064,1606304.243337,184.470845
S0733.JPG,717475.698366,1606304.207239,184.449688
W0733.JPG,717475.661507,1606304.170781,184.469865
X0733.JPG,717475.733587,1606304.243265,184.473279
A0734.JPG,717489.095624,1606282.971347,184.556098
D0734.JPG,717489.022602,1606283.043412,184.553765
S0734.JPG,717489.060105,1606283.007339,184.532923
W0734.JPG,717489.023358,1606282.970854,184.553257
X0734.JPG,717489.095120,1606283.043668,184.556355
A0735.JPG,717502.473807,1606261.956361,184.524850
D0735.JPG,717502.400811,1606262.028464,184.522914
S0735.JPG,717502.438304,1606261.992495,184.501874
W0735.JPG,717502.401542,1606261.955909,184.521997
X0735.JPG,717502.473328,1606262.028680,184.525514
A0736.JPG,717515.876867,1606240.902198,184.645861
D0736.JPG,717515.805515,1606240.975952,184.645408
S0736.JPG,717515.841835,1606240.939237,184.623614
W0736.JPG,717515.804574,1606240.903404,184.644169
X0736.JPG,717515.878050,1606240.974505,184.646842
A0737.JPG,717529.305143,1606219.743770,184.497930
D0737.JPG,717529.233143,1606219.816885,184.496870
S0737.JPG,717529.269942,1606219.780466,184.475385
W0737.JPG,717529.232856,1606219.744330,184.495724
X0737.JPG,717529.305676,1606219.816086,184.498821
A0738.JPG,717542.812743,1606198.657678,184.178161
D0738.JPG,717542.739976,1606198.729943,184.174461
S0738.JPG,717542.777578,1606198.693578,184.154315
W0738.JPG,717542.740510,1606198.657381,184.174579
X0738.JPG,717542.812463,1606198.730000,184.177797
A0739.JPG,717556.320743,1606177.609921,184.312308
D0739.JPG,717556.244073,1606177.678068,184.309373
S0739.JPG,717556.283549,1606177.643977,184.288839
W0739.JPG,717556.248623,1606177.605647,184.308986
X0739.JPG,717556.316459,1606177.682117,184.312446
A0740.JPG,717569.934921,1606156.737724,184.561322
D0740.JPG,717569.859761,1606156.807559,184.559087
S0740.JPG,717569.898458,1606156.772795,184.538203
W0740.JPG,717569.862721,1606156.735063,184.558054
X0740.JPG,717569.932222,1606156.809992,184.562104
A0741.JPG,717583.664328,1606135.255072,184.680283
D0741.JPG,717583.588055,1606135.323704,184.678516
S0741.JPG,717583.627135,1606135.289519,184.657389
W0741.JPG,717583.592156,1606135.251262,184.677584
X0741.JPG,717583.660490,1606135.327290,184.680962
A0742.JPG,717596.895001,1606114.512729,184.663738
D0742.JPG,717596.818560,1606114.581181,184.662336
S0742.JPG,717596.857511,1606114.546968,184.641018
W0742.JPG,717596.822815,1606114.508744,184.661756
X0742.JPG,717596.891006,1606114.584941,184.664064
A0743.JPG,717610.256996,1606093.568869,184.631115
D0743.JPG,717610.180912,1606093.637713,184.629471
S0743.JPG,717610.220008,1606093.603581,184.608289
W0743.JPG,717610.184829,1606093.565269,184.628025
X0743.JPG,717610.253342,1606093.641090,184.632307
A0744.JPG,717623.421565,1606072.440566,184.416410
D0744.JPG,717623.345745,1606072.509711,184.415236
S0744.JPG,717623.384467,1606072.475307,184.393808
W0744.JPG,717623.349354,1606072.437245,184.414137
X0744.JPG,717623.418215,1606072.512807,184.417253
A0785.JPG,717644.397880,1606094.067654,184.172471
D0785.JPG,717644.437491,1606093.973011,184.170314
S0785.JPG,717644.416833,1606094.020732,184.149382
W0785.JPG,717644.464759,1606094.040255,184.169799
X0785.JPG,717644.370472,1606094.000726,184.172734
A0786.JPG,717630.837335,1606115.019467,184.378368
D0786.JPG,717630.875500,1606114.924220,184.376803
S0786.JPG,717630.855190,1606114.971966,184.355590
W0786.JPG,717630.903745,1606114.991035,184.374919
X0786.JPG,717630.808949,1606114.952968,184.379999
A0787.JPG,717617.421271,1606136.208011,184.437062
D0787.JPG,717617.459384,1606136.112731,184.437282
S0787.JPG,717617.439559,1606136.160265,184.415155
W0787.JPG,717617.487716,1606136.179506,184.435295
X0787.JPG,717617.392804,1606136.141548,184.438790
A0788.JPG,717604.163801,1606157.418360,184.334580
D0788.JPG,717604.202366,1606157.323268,184.333482
S0788.JPG,717604.182265,1606157.370989,184.312016
W0788.JPG,717604.230376,1606157.390198,184.332296
X0788.JPG,717604.135654,1606157.351745,184.335511
A0789.JPG,717590.709204,1606178.533763,184.201356
D0789.JPG,717590.747745,1606178.438666,184.199916
S0789.JPG,717590.727660,1606178.486471,184.178622
W0789.JPG,717590.775772,1606178.505592,184.198980
X0789.JPG,717590.681040,1606178.467153,184.202039
A0790.JPG,717577.384527,1606199.639355,184.221810
D0790.JPG,717577.424408,1606199.544820,184.219897
S0790.JPG,717577.403679,1606199.592455,184.198840
W0790.JPG,717577.451489,1606199.612140,184.219372
X0790.JPG,717577.357305,1606199.572351,184.222082
A0791.JPG,717563.868830,1606220.634007,184.219957
D0791.JPG,717563.912560,1606220.541192,184.217924
S0791.JPG,717563.889687,1606220.587866,184.196934
W0791.JPG,717563.936833,1606220.609570,184.216962
X0791.JPG,717563.844400,1606220.565938,184.220666
A0792.JPG,717550.226292,1606241.649846,184.160843
D0792.JPG,717550.270235,1606241.557132,184.158840
S0792.JPG,717550.247238,1606241.603738,184.137836
W0792.JPG,717550.294349,1606241.625564,184.157812
X0792.JPG,717550.202021,1606241.581722,184.161619
A0793.JPG,717536.670999,1606262.613259,184.464846
D0793.JPG,717536.716604,1606262.521357,184.462557
S0793.JPG,717536.692636,1606262.567539,184.441703
W0793.JPG,717536.739466,1606262.590215,184.461392
X0793.JPG,717536.647973,1606262.544705,184.465760
A0794.JPG,717523.199562,1606283.419699,184.484548
D0794.JPG,717523.242554,1606283.326541,184.482491
S0794.JPG,717523.219991,1606283.373372,184.461516
W0794.JPG,717523.267363,1606283.394724,184.481388
X0794.JPG,717523.174600,1606283.351826,184.485399
A0795.JPG,717509.597097,1606304.585001,184.794854
D0795.JPG,717509.638381,1606304.491052,184.794396
S0795.JPG,717509.616709,1606304.537938,184.772619
W0795.JPG,717509.664433,1606304.558744,184.792226
X0795.JPG,717509.570896,1606304.517618,184.796767
A0796.JPG,717495.854557,1606325.555284,184.798451
D0796.JPG,717495.890202,1606325.459058,184.799396
S0796.JPG,717495.871246,1606325.506785,184.776925
W0796.JPG,717495.920208,1606325.525041,184.796013
X0796.JPG,717495.824420,1606325.489613,184.801572
A0797.JPG,717483.042463,1606347.014017,184.426301
D0797.JPG,717483.079470,1606346.918301,184.426380
S0797.JPG,717483.060598,1606346.966249,184.404313
W0797.JPG,717483.108598,1606346.984756,184.425489
X0797.JPG,717483.013209,1606346.947878,184.426933
A0798.JPG,717470.123338,1606368.221727,184.113533
D0798.JPG,717470.161983,1606368.126684,184.111455
S0798.JPG,717470.142241,1606368.174770,184.090475
W0798.JPG,717470.189963,1606368.193635,184.111960
X0798.JPG,717470.095226,1606368.155096,184.112776
A0799.JPG,717456.803137,1606389.511110,183.903398
D0799.JPG,717456.843318,1606389.416705,183.901348
S0799.JPG,717456.822856,1606389.464482,183.880353
W0799.JPG,717456.870211,1606389.484099,183.901976
X0799.JPG,717456.776107,1606389.444033,183.902518
A0800.JPG,717443.314127,1606410.525248,183.880273
D0800.JPG,717443.357466,1606410.432313,183.876283
S0800.JPG,717443.335026,1606410.479625,183.856277
W0800.JPG,717443.382050,1606410.500578,183.877363
X0800.JPG,717443.289391,1606410.457300,183.878948
A0801.JPG,717429.423943,1606431.513349,183.912435
D0801.JPG,717429.466160,1606431.419886,183.908769
S0801.JPG,717429.443769,1606431.467158,183.888615
W0801.JPG,717429.491505,1606431.487878,183.908283
X0801.JPG,717429.398444,1606431.445671,183.912675
A0802.JPG,717415.726613,1606452.521742,184.165432
D0802.JPG,717415.770371,1606452.428992,184.161737
S0802.JPG,717415.747407,1606452.475991,184.141589
W0802.JPG,717415.794615,1606452.497387,184.161802
X0802.JPG,717415.702212,1606452.453661,184.165121
A0803.JPG,717402.039009,1606473.259389,184.410559
D0803.JPG,717402.081202,1606473.165880,184.407948
S0803.JPG,717402.058907,1606473.212965,184.387258
W0803.JPG,717402.106576,1606473.233855,184.406908
X0803.JPG,717402.013482,1606473.191725,184.411348
A0804.JPG,717388.415147,1606494.162179,184.497460
D0804.JPG,717388.458416,1606494.069133,184.496314
S0804.JPG,717388.435964,1606494.115806,184.474872
W0804.JPG,717388.483047,1606494.137380,184.495186
X0804.JPG,717388.390363,1606494.094241,184.498333
A0805.JPG,717374.790703,1606515.150272,184.441932
D0805.JPG,717374.833031,1606515.056809,184.439953
S0805.JPG,717374.810768,1606515.103766,184.418940
W0805.JPG,717374.858319,1606515.124812,184.438708
X0805.JPG,717374.765262,1606515.082578,184.442924
A0806.JPG,717393.160903,1606545.168451,184.359040
D0806.JPG,717393.088247,1606545.240884,184.356699
S0806.JPG,717393.125563,1606545.204615,184.335861
W0806.JPG,717393.088636,1606545.168322,184.356211
X0806.JPG,717393.160765,1606545.240773,184.359277
A0807.JPG,717406.371185,1606523.954318,184.473457
D0807.JPG,717406.299819,1606524.027995,184.470367
S0807.JPG,717406.336719,1606523.991087,184.449915
W0807.JPG,717406.298960,1606523.955438,184.469873
X0807.JPG,717406.372293,1606524.026632,184.473703
A0808.JPG,717419.491954,1606502.798849,184.543207
D0808.JPG,717419.420519,1606502.872435,184.539615
S0808.JPG,717419.457443,1606502.835412,184.519415
W0808.JPG,717419.419726,1606502.799876,184.539651
X0808.JPG,717419.492996,1606502.871164,184.542924
A0809.JPG,717432.637892,1606481.666035,184.668199
D0809.JPG,717432.565835,1606481.739081,184.666477
S0809.JPG,717432.602688,1606481.702524,184.645323
W0809.JPG,717432.565607,1606481.666520,184.665904
X0809.JPG,717432.638367,1606481.738356,184.668519
A0810.JPG,717445.940628,1606460.512976,184.707173
D0810.JPG,717445.870302,1606460.587700,184.705934
S0810.JPG,717445.906571,1606460.550693,184.684553
W0810.JPG,717445.868409,1606460.515186,184.703992
X0810.JPG,717445.942765,1606460.585248,184.708861
A0811.JPG,717459.312135,1606439.418290,184.593086
D0811.JPG,717459.240455,1606439.491693,184.590865
S0811.JPG,717459.277022,1606439.454708,184.569959
W0811.JPG,717459.239844,1606439.419132,184.591104
X0811.JPG,717459.312990,1606439.490607,184.592596
A0812.JPG,717472.793473,1606418.226178,184.343253
D0812.JPG,717472.721911,1606418.299657,184.340001
S0812.JPG,717472.758880,1606418.262774,184.319629
W0812.JPG,717472.721241,1606418.227097,184.339762
X0812.JPG,717472.794394,1606418.298495,184.343244
A0813.JPG,717485.974566,1606397.199454,184.245982
D0813.JPG,717485.903957,1606397.273809,184.241898
S0813.JPG,717485.940317,1606397.236102,184.221941
W0813.JPG,717485.902332,1606397.201270,184.242888
X0813.JPG,717485.976436,1606397.271742,184.244747
A0814.JPG,717499.402496,1606375.995532,184.531587
D0814.JPG,717499.330946,1606376.069017,184.528205
S0814.JPG,717499.367672,1606376.031861,184.507889
W0814.JPG,717499.330231,1606375.996460,184.528861
X0814.JPG,717499.403458,1606376.067843,184.530683
A0815.JPG,717512.943045,1606354.995629,184.412685
D0815.JPG,717512.869072,1606355.066697,184.409784
S0815.JPG,717512.907091,1606355.031001,184.389229
W0815.JPG,717512.870798,1606354.994153,184.409722
X0815.JPG,717512.941575,1606355.067937,184.412498
A0816.JPG,717526.607100,1606334.131105,184.342503
D0816.JPG,717526.533795,1606334.202876,184.340020
S0816.JPG,717526.571532,1606334.167001,184.319258
W0816.JPG,717526.534850,1606334.130323,184.339358
X0816.JPG,717526.606300,1606334.203422,184.342915
A0817.JPG,717540.408912,1606313.328378,184.609257
D0817.JPG,717540.334360,1606313.398880,184.607713
S0817.JPG,717540.372691,1606313.363922,184.586481
W0817.JPG,717540.336683,1606313.326370,184.606182
X0817.JPG,717540.406848,1606313.400661,184.610534
A0818.JPG,717554.182268,1606292.396826,184.807546
D0818.JPG,717554.109862,1606292.469542,184.806695
S0818.JPG,717554.147220,1606292.433745,184.785127
W0818.JPG,717554.110024,1606292.397022,184.804174
X0818.JPG,717554.182358,1606292.469113,184.809811
A0819.JPG,717567.639210,1606271.397612,184.612257
D0819.JPG,717567.567202,1606271.470707,184.610565
S0819.JPG,717567.604074,1606271.434176,184.589398
W0819.JPG,717567.566930,1606271.398147,184.609822
X0819.JPG,717567.639729,1606271.469931,184.612747
A0820.JPG,717581.002116,1606250.206942,184.586325
D0820.JPG,717580.929567,1606250.279498,184.584550
S0820.JPG,717580.966681,1606250.243189,184.563423
W0820.JPG,717580.929831,1606250.206937,184.583983
X0820.JPG,717581.002101,1606250.279264,184.586639
A0821.JPG,717594.510562,1606229.015334,184.700470
D0821.JPG,717594.439356,1606229.089231,184.700427
S0821.JPG,717594.475759,1606229.052716,184.678437
W0821.JPG,717594.438285,1606229.016707,184.698284
X0821.JPG,717594.511877,1606229.087620,184.702355
A0822.JPG,717607.623483,1606208.035549,184.525825
D0822.JPG,717607.549533,1606208.106698,184.525564
S0822.JPG,717607.586972,1606208.071186,184.503669
W0822.JPG,717607.551182,1606208.034158,184.524714
X0822.JPG,717607.622083,1606208.107856,184.526416
A0823.JPG,717621.017848,1606186.877269,184.254395
D0823.JPG,717620.944109,1606186.948625,184.252984
S0823.JPG,717620.981694,1606186.912914,184.231670
W0823.JPG,717620.945561,1606186.876077,184.252461
X0823.JPG,717621.016648,1606186.949582,184.254663
A0824.JPG,717634.511872,1606165.568192,184.436802
D0824.JPG,717634.438392,1606165.639813,184.435357
S0824.JPG,717634.475888,1606165.603998,184.414062
W0824.JPG,717634.439585,1606165.567261,184.434734
X0824.JPG,717634.510930,1606165.640508,184.437171
A0825.JPG,717647.809885,1606144.608485,184.290476
D0825.JPG,717647.735336,1606144.678989,184.288857
S0825.JPG,717647.773327,1606144.643647,184.267648
W0825.JPG,717647.737616,1606144.606461,184.288548
X0825.JPG,717647.807859,1606144.680779,184.290532
A0826.JPG,717661.262897,1606123.628657,184.161020
D0826.JPG,717661.187343,1606123.698062,184.158686
S0826.JPG,717661.226087,1606123.663325,184.137844
W0826.JPG,717661.190692,1606123.625577,184.158268
X0826.JPG,717661.259808,1606123.700914,184.161187
A0827.JPG,717674.928759,1606102.621674,184.095007
D0827.JPG,717674.851841,1606102.689556,184.092454
S0827.JPG,717674.891350,1606102.655623,184.071725
W0827.JPG,717674.856641,1606102.617152,184.091979
X0827.JPG,717674.924225,1606102.693854,184.095232
A0868.JPG,717696.039038,1606124.481808,184.037515
D0868.JPG,717696.078811,1606124.387238,184.035156
S0868.JPG,717696.057972,1606124.434926,184.014329
W0868.JPG,717696.105954,1606124.454531,184.034536
X0868.JPG,717696.011753,1606124.414830,184.037885
A0869.JPG,717682.454673,1606145.493248,184.102785
D0869.JPG,717682.497371,1606145.399938,184.101671
S0869.JPG,717682.474982,1606145.446638,184.080222
W0869.JPG,717682.522397,1606145.468028,184.099949
X0869.JPG,717682.429494,1606145.425466,184.104252
A0870.JPG,717668.813519,1606166.644818,184.110695
D0870.JPG,717668.853584,1606166.550346,184.109814
S0870.JPG,717668.832453,1606166.597576,184.088251
W0870.JPG,717668.880502,1606166.617702,184.107774
X0870.JPG,717668.786455,1606166.577774,184.112479
A0871.JPG,717655.349819,1606187.645293,184.085630
D0871.JPG,717655.387731,1606187.549949,184.083856
S0871.JPG,717655.367656,1606187.597838,184.062742
W0871.JPG,717655.416167,1606187.616694,184.082388
X0871.JPG,717655.321245,1606187.578866,184.086844
A0872.JPG,717641.907326,1606208.645842,184.240550
D0872.JPG,717641.947498,1606208.551419,184.239295
S0872.JPG,717641.926430,1606208.598760,184.217914
W0872.JPG,717641.974353,1606208.618814,184.237815
X0872.JPG,717641.880326,1606208.578759,184.241775
A0873.JPG,717628.492607,1606229.719368,184.255451
D0873.JPG,717628.531862,1606229.624561,184.254222
S0873.JPG,717628.511305,1606229.672119,184.232826
W0873.JPG,717628.559375,1606229.691693,184.252853
X0873.JPG,717628.464954,1606229.652550,184.256565
A0874.JPG,717615.240743,1606250.873546,184.341214
D0874.JPG,717615.282191,1606250.779670,184.340697
S0874.JPG,717615.260631,1606250.826616,184.318941
W0874.JPG,717615.308145,1606250.847414,184.339059
X0874.JPG,717615.214642,1606250.806112,184.342595
A0875.JPG,717602.082543,1606272.107247,184.312637
D0875.JPG,717602.123268,1606272.013071,184.310792
S0875.JPG,717602.102336,1606272.060600,184.289696
W0875.JPG,717602.149762,1606272.080626,184.310781
X0875.JPG,717602.055907,1606272.040008,184.312395
A0876.JPG,717588.641077,1606293.367149,184.107082
D0876.JPG,717588.680816,1606293.272564,184.104750
S0876.JPG,717588.660188,1606293.320335,184.083904
W0876.JPG,717588.708001,1606293.339843,184.104597
X0876.JPG,717588.613752,1606293.300187,184.106984
A0877.JPG,717575.249194,1606314.390469,184.038402
D0877.JPG,717575.288542,1606314.295729,184.035787
S0877.JPG,717575.268131,1606314.343654,184.015083
W0877.JPG,717575.316006,1606314.362895,184.035884
X0877.JPG,717575.221592,1606314.323622,184.038055
A0878.JPG,717561.769926,1606335.494516,184.192323
D0878.JPG,717561.810485,1606335.400260,184.191048
S0878.JPG,717561.789588,1606335.447675,184.169665
W0878.JPG,717561.837095,1606335.467766,184.190505
X0878.JPG,717561.743175,1606335.427323,184.192611
A0879.JPG,717548.163528,1606356.473828,184.232888
D0879.JPG,717548.205276,1606356.380091,184.231681
S0879.JPG,717548.183568,1606356.427128,184.210270
W0879.JPG,717548.231014,1606356.447928,184.230548
X0879.JPG,717548.137643,1606356.406302,184.233766
A0880.JPG,717534.549148,1606377.270084,184.199042
D0880.JPG,717534.591530,1606377.176634,184.197684
S0880.JPG,717534.569291,1606377.223461,184.176358
W0880.JPG,717534.616786,1606377.244643,184.196120
X0880.JPG,717534.523740,1606377.202384,184.200353
A0881.JPG,717520.954014,1606398.364262,184.186986
D0881.JPG,717520.996313,1606398.270773,184.185724
S0881.JPG,717520.974030,1606398.317559,184.164353
W0881.JPG,717521.021619,1606398.338757,184.183869
X0881.JPG,717520.928556,1606398.296587,184.188586
A0882.JPG,717507.553517,1606419.467470,184.214427
D0882.JPG,717507.596692,1606419.374389,184.212754
S0882.JPG,717507.574303,1606419.421212,184.191576
W0882.JPG,717507.621394,1606419.442616,184.212052
X0882.JPG,717507.528664,1606419.399553,184.214876
A0883.JPG,717493.975299,1606440.489937,184.148542
D0883.JPG,717494.017246,1606440.396315,184.146027
S0883.JPG,717493.995242,1606440.443513,184.125281
W0883.JPG,717494.042819,1606440.464221,184.145342
X0883.JPG,717493.949576,1606440.422345,184.148976
A0884.JPG,717480.516773,1606461.384492,183.963861
D0884.JPG,717480.558620,1606461.290834,183.961060
S0884.JPG,717480.536715,1606461.338140,183.940457
W0884.JPG,717480.584271,1606461.358712,183.960708
X0884.JPG,717480.490972,1606461.316928,183.963964
A0885.JPG,717466.858029,1606482.564986,184.037986
D0885.JPG,717466.901092,1606482.471885,184.035043
S0885.JPG,717466.878546,1606482.518920,184.014513
W0885.JPG,717466.925855,1606482.540092,184.034724
X0885.JPG,717466.833113,1606482.497091,184.038056
A0886.JPG,717453.417294,1606503.369186,184.246588
D0886.JPG,717453.461090,1606503.276411,184.244229
S0886.JPG,717453.438198,1606503.323148,184.223403
W0886.JPG,717453.485316,1606503.344808,184.243543
X0886.JPG,717453.392912,1606503.301099,184.247023
A0887.JPG,717439.641787,1606524.354372,184.394307
D0887.JPG,717439.683105,1606524.260461,184.392201
S0887.JPG,717439.661227,1606524.307630,184.371258
W0887.JPG,717439.709109,1606524.328190,184.390738
X0887.JPG,717439.615632,1606524.286956,184.395519
A0888.JPG,717426.143053,1606545.371283,184.170614
D0888.JPG,717426.183138,1606545.276855,184.167883
S0888.JPG,717426.162008,1606545.324499,184.147249
W0888.JPG,717426.210044,1606545.344244,184.167189
X0888.JPG,717426.116003,1606545.304211,184.171058
A0889.JPG,717443.844982,1606575.067914,184.206191
D0889.JPG,717443.770010,1606575.137870,184.202152
S0889.JPG,717443.808723,1606575.102592,184.182177
W0889.JPG,717443.772793,1606575.065360,184.202616
X0889.JPG,717443.842461,1606575.140189,184.205482
A0890.JPG,717457.681672,1606554.188358,184.331463
D0890.JPG,717457.605551,1606554.257064,184.327457
S0890.JPG,717457.644962,1606554.222575,184.307471
W0890.JPG,717457.609556,1606554.184611,184.327472
X0890.JPG,717457.677933,1606554.260584,184.331203
A0891.JPG,717471.494660,1606533.415429,184.571724
D0891.JPG,717471.419180,1606533.484851,184.567951
S0891.JPG,717471.458363,1606533.450168,184.547854
W0891.JPG,717471.422531,1606533.412367,184.567399
X0891.JPG,717471.491574,1606533.487685,184.572029
A0892.JPG,717485.299882,1606512.559112,184.733551
D0892.JPG,717485.226244,1606512.630540,184.731018
S0892.JPG,717485.264399,1606512.595086,184.710296
W0892.JPG,717485.227678,1606512.558004,184.729566
X0892.JPG,717485.298707,1606512.631415,184.734752
A0893.JPG,717498.814089,1606491.717278,184.736255
D0893.JPG,717498.742350,1606491.790612,184.733693
S0893.JPG,717498.779424,1606491.754027,184.712976
W0893.JPG,717498.741857,1606491.718056,184.732718
X0893.JPG,717498.814833,1606491.789593,184.736979
A0894.JPG,717512.185921,1606470.723767,184.522558
D0894.JPG,717512.114028,1606470.796957,184.520174
S0894.JPG,717512.151181,1606470.760502,184.499369
W0894.JPG,717512.113688,1606470.724403,184.519014
X0894.JPG,717512.186513,1606470.796082,184.523466
A0895.JPG,717525.507813,1606449.495769,184.423240
D0895.JPG,717525.436276,1606449.569293,184.420472
S0895.JPG,717525.473203,1606449.532502,184.399856
W0895.JPG,717525.435576,1606449.496735,184.419852
X0895.JPG,717525.508763,1606449.568084,184.423610
A0896.JPG,717538.684914,1606428.237577,184.460776
D0896.JPG,717538.611407,1606428.309122,184.457787
S0896.JPG,717538.649204,1606428.273166,184.437277
W0896.JPG,717538.612661,1606428.236569,184.457774
X0896.JPG,717538.683915,1606428.309893,184.460541
A0897.JPG,717552.064561,1606407.062660,184.358228
D0897.JPG,717551.993794,1606407.136877,184.354385
S0897.JPG,717552.030301,1606407.099376,184.334308
W0897.JPG,717551.992333,1606407.064329,184.354925
X0897.JPG,717552.066268,1606407.134958,184.357442
A0898.JPG,717565.603606,1606386.028763,184.630528
D0898.JPG,717565.530312,1606386.100533,184.627711
S0898.JPG,717565.568183,1606386.064699,184.607123
W0898.JPG,717565.531377,1606386.027981,184.626923
X0898.JPG,717565.602797,1606386.101079,184.631067
A0899.JPG,717579.126565,1606364.990310,184.440922
D0899.JPG,717579.053070,1606365.061875,184.438111
S0899.JPG,717579.091073,1606365.026181,184.417522
W0899.JPG,717579.054344,1606364.989327,184.437213
X0899.JPG,717579.125548,1606365.062623,184.441571
A0900.JPG,717592.518041,1606343.940734,184.569146
D0900.JPG,717592.443629,1606344.011349,184.566446
S0900.JPG,717592.481948,1606343.976032,184.545793
W0900.JPG,717592.445816,1606343.938820,184.565908
X0900.JPG,717592.516112,1606344.013030,184.569434
A0901.JPG,717605.828137,1606322.925506,184.827837
D0901.JPG,717605.754273,1606322.996735,184.826597
S0901.JPG,717605.792071,1606322.961299,184.805204
W0901.JPG,717605.755867,1606322.924198,184.825395
X0901.JPG,717605.826796,1606322.997811,184.828784
A0902.JPG,717619.115810,1606301.764606,184.822003
D0902.JPG,717619.042224,1606301.836123,184.820803
S0902.JPG,717619.079753,1606301.800416,184.799384
W0902.JPG,717619.043522,1606301.763575,184.820000
X0902.JPG,717619.114763,1606301.836919,184.822551
A0903.JPG,717632.513358,1606280.551252,184.603901
D0903.JPG,717632.439459,1606280.622443,184.602576
S0903.JPG,717632.477236,1606280.586959,184.581224
W0903.JPG,717632.441084,1606280.549903,184.601591
X0903.JPG,717632.511986,1606280.623558,184.604631
A0904.JPG,717645.783315,1606259.431587,184.471557
D0904.JPG,717645.709996,1606259.503355,184.469386
S0904.JPG,717645.747642,1606259.467477,184.448463
W0904.JPG,717645.711051,1606259.430801,184.468734
X0904.JPG,717645.782513,1606259.503904,184.471957
A0905.JPG,717659.114658,1606238.274064,184.343646
D0905.JPG,717659.041020,1606238.345507,184.341549
S0905.JPG,717659.078658,1606238.309647,184.320582
W0905.JPG,717659.042379,1606238.272955,184.341379
X0905.JPG,717659.113551,1606238.346379,184.343564
A0906.JPG,717672.388976,1606217.188480,184.325130
D0906.JPG,717672.313270,1606217.257725,184.322949
S0906.JPG,717672.351905,1606217.222916,184.302023
W0906.JPG,717672.316757,1606217.185244,184.323008
X0906.JPG,717672.385748,1606217.260731,184.324819
A0907.JPG,717686.083868,1606196.076024,184.201842
D0907.JPG,717686.012349,1606196.149515,184.197954
S0907.JPG,717686.049480,1606196.112614,184.177910
W0907.JPG,717686.011667,1606196.076954,184.197747
X0907.JPG,717686.084802,1606196.148341,184.201803
A0908.JPG,717699.344255,1606175.170494,184.073563
D0908.JPG,717699.266990,1606175.237872,184.068960
S0908.JPG,717699.306741,1606175.203606,184.049267
W0908.JPG,717699.272172,1606175.165508,184.070443
X0908.JPG,717699.339341,1606175.242629,184.071837
A0909.JPG,717713.260884,1606154.198241,184.276259
D0909.JPG,717713.183738,1606154.265787,184.272132
S0909.JPG,717713.223613,1606154.231801,184.252204
W0909.JPG,717713.188824,1606154.193402,184.272456
X0909.JPG,717713.256068,1606154.270402,184.275689
A0910.JPG,717727.614475,1606133.336462,184.196536
D0910.JPG,717727.536730,1606133.403331,184.192642
S0910.JPG,717727.577156,1606133.370063,184.172614
W0910.JPG,717727.542513,1606133.331002,184.191823
X0910.JPG,717727.608966,1606133.408572,184.197110
A0951.JPG,717747.303168,1606154.327804,184.382052
D0951.JPG,717747.341940,1606154.232821,184.379633
S0951.JPG,717747.321493,1606154.280693,184.358841
W0951.JPG,717747.369780,1606154.299827,184.378770
X0951.JPG,717747.275189,1606154.261116,184.382664
A0952.JPG,717733.740303,1606175.681768,184.448103
D0952.JPG,717733.778930,1606175.586716,184.446074
S0952.JPG,717733.758578,1606175.634543,184.425085
W0952.JPG,717733.806874,1606175.653675,184.444993
X0952.JPG,717733.712219,1606175.615125,184.448933
A0953.JPG,717720.213361,1606197.112774,184.458132
D0953.JPG,717720.252120,1606197.017763,184.456815
S0953.JPG,717720.231848,1606197.065463,184.435462
W0953.JPG,717720.279987,1606197.084752,184.455599
X0953.JPG,717720.185356,1606197.046100,184.459093
A0954.JPG,717706.668180,1606218.413813,184.365319
D0954.JPG,717706.707465,1606218.319022,184.363792
S0954.JPG,717706.686911,1606218.366648,184.342545
W0954.JPG,717706.734958,1606218.386167,184.362680
X0954.JPG,717706.640547,1606218.346983,184.366178
A0955.JPG,717693.526024,1606239.142554,184.307450
D0955.JPG,717693.566430,1606239.048226,184.306646
S0955.JPG,717693.545436,1606239.095493,184.285032
W0955.JPG,717693.593137,1606239.115684,184.305326
X0955.JPG,717693.499175,1606239.075408,184.308514
A0956.JPG,717680.107782,1606260.221454,184.315366
D0956.JPG,717680.148195,1606260.127149,184.313296
S0956.JPG,717680.127028,1606260.174628,184.292324
W0956.JPG,717680.174880,1606260.194623,184.312454
X0956.JPG,717680.080952,1606260.154294,184.315957
A0957.JPG,717666.662778,1606281.374008,184.322393
D0957.JPG,717666.704662,1606281.280337,184.320830
S0957.JPG,717666.682943,1606281.327449,184.299596
W0957.JPG,717666.730306,1606281.348215,184.320099
X0957.JPG,717666.636987,1606281.306442,184.322870
A0958.JPG,717653.221175,1606302.446962,184.183861
D0958.JPG,717653.260000,1606302.351999,184.181485
S0958.JPG,717653.239322,1606302.399767,184.160680
W0958.JPG,717653.287776,1606302.419022,184.180080
X0958.JPG,717653.193256,1606302.380255,184.185015
A0959.JPG,717639.996140,1606323.549205,184.343512
D0959.JPG,717640.038341,1606323.455669,184.342435
S0959.JPG,717640.016509,1606323.502618,184.320956
W0959.JPG,717640.063759,1606323.523630,184.341471
X0959.JPG,717639.970575,1606323.481555,184.344221
A0960.JPG,717626.701127,1606344.724456,184.427708
D0960.JPG,717626.741806,1606344.630256,184.426130
S0960.JPG,717626.720736,1606344.677665,184.404902
W0960.JPG,717626.768322,1606344.697799,184.425519
X0960.JPG,717626.674468,1606344.657227,184.428065
A0961.JPG,717613.310514,1606365.744728,184.358398
D0961.JPG,717613.350739,1606365.650338,184.356561
S0961.JPG,717613.329890,1606365.697902,184.335464
W0961.JPG,717613.377580,1606365.717754,184.356118
X0961.JPG,717613.283532,1606365.677627,184.358589
A0962.JPG,717599.771646,1606386.863056,184.307694
D0962.JPG,717599.813138,1606386.769217,184.305779
S0962.JPG,717599.791584,1606386.816485,184.284723
W0962.JPG,717599.839063,1606386.836990,184.305222
X0962.JPG,717599.745575,1606386.795596,184.307998
A0963.JPG,717586.322055,1606407.799948,184.294979
D0963.JPG,717586.361195,1606407.705101,184.293242
S0963.JPG,717586.340678,1606407.752790,184.272102
W0963.JPG,717586.388787,1606407.772206,184.292189
X0963.JPG,717586.294322,1606407.733158,184.295780
A0964.JPG,717572.937414,1606429.059972,184.208565
D0964.JPG,717572.980607,1606428.966900,184.206827
S0964.JPG,717572.958424,1606429.013834,184.185677
W0964.JPG,717573.005312,1606429.035129,184.206723
X0964.JPG,717572.912560,1606428.992054,184.208415
A0965.JPG,717559.339276,1606450.163482,184.356816
D0965.JPG,717559.381368,1606450.069904,184.355253
S0965.JPG,717559.359493,1606450.116945,184.334021
W0965.JPG,717559.406857,1606450.137839,184.354393
X0965.JPG,717559.313639,1606450.095858,184.357423
A0966.JPG,717545.793832,1606471.276829,184.404765
D0966.JPG,717545.837064,1606471.183763,184.403956
S0966.JPG,717545.814624,1606471.230363,184.382346
W0966.JPG,717545.861722,1606471.251995,184.402563
X0966.JPG,717545.769022,1606471.208904,184.405903
A0967.JPG,717532.422299,1606492.089402,184.254302
D0967.JPG,717532.466246,1606491.996680,184.252750
S0967.JPG,717532.443220,1606492.043170,184.231521
W0967.JPG,717532.490354,1606492.065108,184.251321
X0967.JPG,717532.398034,1606492.021281,184.255478
A0968.JPG,717519.048553,1606513.264732,184.255511
D0968.JPG,717519.091944,1606513.171747,184.254117
S0968.JPG,717519.069705,1606513.218575,184.232793
W0968.JPG,717519.116506,1606513.240028,184.253872
X0968.JPG,717519.023842,1606513.196762,184.255502
A0969.JPG,717505.621255,1606534.310341,184.032321
D0969.JPG,717505.665034,1606534.217590,184.028903
S0969.JPG,717505.642235,1606534.264606,184.008610
W0969.JPG,717505.689281,1606534.285982,184.029215
X0969.JPG,717505.596852,1606534.242261,184.031762
A0970.JPG,717492.047662,1606555.236555,183.997521
D0970.JPG,717492.091352,1606555.143769,183.993921
S0970.JPG,717492.068533,1606555.190816,183.973721
W0970.JPG,717492.115659,1606555.212141,183.994199
X0970.JPG,717492.023200,1606555.168497,183.996996
A0971.JPG,717506.302609,1606588.708958,184.115676
D0971.JPG,717506.228369,1606588.779692,184.111657
S0971.JPG,717506.266518,1606588.743815,184.091665
W0971.JPG,717506.230367,1606588.707164,184.112755
X0971.JPG,717506.300867,1606588.781248,184.114332
A0972.JPG,717520.007306,1606567.858545,184.258514
D0972.JPG,717519.934991,1606567.931244,184.254473
S0972.JPG,717519.972563,1606567.894748,184.234509
W0972.JPG,717519.935107,1606567.858680,184.254283
X0972.JPG,717520.007445,1606567.930867,184.258459
A0973.JPG,717533.539534,1606547.130342,184.322799
D0973.JPG,717533.465833,1606547.201557,184.317563
S0973.JPG,717533.504058,1606547.165418,184.298200
W0973.JPG,717533.467338,1606547.129018,184.318732
X0973.JPG,717533.538288,1606547.202640,184.321389
A0974.JPG,717547.218262,1606526.163109,184.625092
D0974.JPG,717547.142727,1606526.232433,184.620658
S0974.JPG,717547.182030,1606526.197690,184.600898
W0974.JPG,717547.146155,1606526.159950,184.620483
X0974.JPG,717547.215101,1606526.235362,184.625023
A0975.JPG,717561.032182,1606505.194655,185.044958
D0975.JPG,717560.960137,1606505.267726,185.043908
S0975.JPG,717560.997149,1606505.231521,185.022427
W0975.JPG,717560.959916,1606505.195184,185.042131
X0975.JPG,717561.032651,1606505.266961,185.046479
A0976.JPG,717574.524938,1606484.271320,185.041240
D0976.JPG,717574.452888,1606484.344393,185.041654
S0976.JPG,717574.489610,1606484.308339,185.019433
W0976.JPG,717574.452641,1606484.271865,185.039377
X0976.JPG,717574.525431,1606484.343613,185.043257
A0977.JPG,717587.988068,1606463.199610,184.615086
D0977.JPG,717587.916613,1606463.273259,184.614145
S0977.JPG,717587.953287,1606463.236745,184.592607
W0977.JPG,717587.915804,1606463.200720,184.612409
X0977.JPG,717587.989125,1606463.271910,184.616566
A0978.JPG,717601.283777,1606442.064906,184.655787
D0978.JPG,717601.211894,1606442.138141,184.655181
S0978.JPG,717601.248670,1606442.101832,184.633472
W0978.JPG,717601.211495,1606442.065598,184.653473
X0978.JPG,717601.284423,1606442.137211,184.657239
A0979.JPG,717614.444921,1606420.849746,184.684556
D0979.JPG,717614.373576,1606420.923501,184.683437
S0979.JPG,717614.409923,1606420.886615,184.661976
W0979.JPG,717614.372630,1606420.850946,184.682758
X0979.JPG,717614.446110,1606420.922058,184.684980
A0980.JPG,717627.707905,1606399.448120,184.408287
D0980.JPG,717627.635726,1606399.521026,184.405853
S0980.JPG,717627.672725,1606399.484409,184.385059
W0980.JPG,717627.635629,1606399.448462,184.405711
X0980.JPG,717627.708251,1606399.520442,184.408178
A0981.JPG,717640.700198,1606378.452988,184.234601
D0981.JPG,717640.627414,1606378.525264,184.231503
S0981.JPG,717640.664819,1606378.488870,184.211047
W0981.JPG,717640.627934,1606378.452702,184.231693
X0981.JPG,717640.699929,1606378.525309,184.234163
A0982.JPG,717653.802749,1606357.152865,184.358361
D0982.JPG,717653.730400,1606357.225562,184.354934
S0982.JPG,717653.767519,1606357.188785,184.334641
W0982.JPG,717653.730476,1606357.153002,184.355672
X0982.JPG,717653.802922,1606357.225181,184.357375
A0983.JPG,717667.165427,1606335.958715,184.565198
D0983.JPG,717667.089911,1606336.028159,184.562794
S0983.JPG,717667.128556,1606335.993294,184.541984
W0983.JPG,717667.093211,1606335.955670,184.562721
X0983.JPG,717667.162387,1606336.030974,184.565020
A0984.JPG,717680.808517,1606314.977806,184.540796
D0984.JPG,717680.733505,1606315.047789,184.538227
S0984.JPG,717680.772033,1606315.012741,184.517505
W0984.JPG,717680.736298,1606314.975279,184.537866
X0984.JPG,717680.805984,1606315.050085,184.540907
A0985.JPG,717694.620709,1606294.031306,184.738445
D0985.JPG,717694.544599,1606294.100131,184.737368
S0985.JPG,717694.583513,1606294.065974,184.715894
W0985.JPG,717694.548519,1606294.027686,184.736003
X0985.JPG,717694.617050,1606294.103528,184.739555
A0986.JPG,717708.421803,1606273.243728,184.729645
D0986.JPG,717708.345671,1606273.312533,184.728835
S0986.JPG,717708.384751,1606273.278644,184.707239
W0986.JPG,717708.349633,1606273.240110,184.726649
X0986.JPG,717708.418104,1606273.315930,184.731575
A0987.JPG,717721.996164,1606252.543896,184.541677
D0987.JPG,717721.920586,1606252.613297,184.540074
S0987.JPG,717721.959419,1606252.578879,184.518871
W0987.JPG,717721.923971,1606252.540826,184.538627
X0987.JPG,717721.993041,1606252.616142,184.542870
A0988.JPG,717735.866459,1606231.390939,184.385313
D0988.JPG,717735.790899,1606231.460343,184.383158
S0988.JPG,717735.829695,1606231.425717,184.362229
W0988.JPG,717735.794262,1606231.387861,184.382384
X0988.JPG,717735.863357,1606231.463193,184.385836
A0989.JPG,717749.323608,1606210.386489,184.490350
D0989.JPG,717749.248508,1606210.456401,184.488576
S0989.JPG,717749.287084,1606210.421644,184.467457
W0989.JPG,717749.251393,1606210.383904,184.487376
X0989.JPG,717749.320983,1606210.458758,184.491297
A0990.JPG,717762.959809,1606189.280199,184.510910
D0990.JPG,717762.884554,1606189.349930,184.508656
S0990.JPG,717762.923311,1606189.315227,184.487782
W0990.JPG,717762.887615,1606189.277438,184.507599
X0990.JPG,717762.957009,1606189.352463,184.511715
A0991.JPG,717776.577574,1606167.944873,184.618715
D0991.JPG,717776.504130,1606168.016525,184.617072
S0991.JPG,717776.541834,1606167.980866,184.595885
W0991.JPG,717776.505312,1606167.943980,184.615897
X0991.JPG,717776.576645,1606168.017184,184.619636
A1032.JPG,717799.200109,1606184.695111,184.452319
D1032.JPG,717799.238036,1606184.599767,184.450927
S1032.JPG,717799.217981,1606184.647578,184.429620
W1032.JPG,717799.266465,1606184.666509,184.449260
X1032.JPG,717799.171542,1606184.628685,184.453731
A1033.JPG,717785.770079,1606206.283695,184.486990
D1033.JPG,717785.808407,1606206.188518,184.485149
S1033.JPG,717785.788423,1606206.236455,184.464057
W1033.JPG,717785.836584,1606206.255385,184.484479
X1033.JPG,717785.741766,1606206.217146,184.487407
A1034.JPG,717772.043497,1606228.032267,184.540993
D1034.JPG,717772.082396,1606227.937309,184.540058
S1034.JPG,717772.062121,1606227.984920,184.518511
W1034.JPG,717772.110170,1606228.004335,184.538739
X1034.JPG,717772.015585,1606227.965555,184.542056
A1035.JPG,717757.696111,1606250.530562,184.399912
D1035.JPG,717757.734774,1606250.435504,184.400249
S1035.JPG,717757.714809,1606250.482950,184.378059
W1035.JPG,717757.762730,1606250.502445,184.398517
X1035.JPG,717757.668021,1606250.463933,184.401384
A1036.JPG,717745.267329,1606270.071959,184.324460
D1036.JPG,717745.306469,1606269.977106,184.323089
S1036.JPG,717745.285997,1606270.024732,184.301763
W1036.JPG,717745.334066,1606270.044207,184.321890
X1036.JPG,717745.239592,1606270.005172,184.325405
A1037.JPG,717731.988285,1606290.813056,184.298440
D1037.JPG,717732.026701,1606290.717914,184.296616
S1037.JPG,717732.006627,1606290.765810,184.275517
W1037.JPG,717732.054812,1606290.784808,184.295821
X1037.JPG,717731.960038,1606290.746480,184.298982
A1038.JPG,717718.559856,1606311.756678,184.307807
D1038.JPG,717718.598245,1606311.661537,184.305475
S1038.JPG,717718.578183,1606311.709549,184.284632
W1038.JPG,717718.626374,1606311.728425,184.305032
X1038.JPG,717718.531590,1606311.690108,184.307998
A1039.JPG,717704.955581,1606332.887791,184.236352
D1039.JPG,717704.995293,1606332.793185,184.234463
S1039.JPG,717704.974470,1606332.840776,184.213400
W1039.JPG,717705.022477,1606332.860457,184.233471
X1039.JPG,717704.928254,1606332.820833,184.237092
A1040.JPG,717691.416375,1606354.012869,184.218802
D1040.JPG,717691.455107,1606353.917866,184.216528
S1040.JPG,717691.434700,1606353.965723,184.195662
W1040.JPG,717691.482977,1606353.984858,184.215613
X1040.JPG,717691.388365,1606353.946194,184.219465
A1041.JPG,717677.938108,1606374.972021,184.238960
D1041.JPG,717677.976739,1606374.876978,184.236661
S1041.JPG,717677.956443,1606374.924886,184.215805
W1041.JPG,717678.004687,1606374.943940,184.235916
X1041.JPG,717677.910021,1606374.905377,184.239454
A1042.JPG,717664.549009,1606396.039406,184.227549
D1042.JPG,717664.588686,1606395.944800,184.225023
S1042.JPG,717664.567855,1606395.992528,184.204282
W1042.JPG,717664.615893,1606396.012068,184.224418
X1042.JPG,717664.521660,1606395.972455,184.227903
A1043.JPG,717651.102032,1606417.091108,184.224971
D1043.JPG,717651.142268,1606416.996741,184.222320
S1043.JPG,717651.121183,1606417.044385,184.201641
W1043.JPG,717651.169079,1606417.064169,184.221876
X1043.JPG,717651.075077,1606417.023996,184.225165
A1044.JPG,717637.585089,1606438.038854,184.274072
D1044.JPG,717637.626238,1606437.944888,184.271229
S1044.JPG,717637.604496,1606437.992282,184.250655
W1044.JPG,717637.652371,1606438.012579,184.270427
X1044.JPG,717637.558807,1606437.971478,184.274625
A1045.JPG,717624.142497,1606459.132948,184.359722
D1045.JPG,717624.182279,1606459.038390,184.357049
S1045.JPG,717624.161414,1606459.086136,184.336381
W1045.JPG,717624.209413,1606459.105689,184.356597
X1045.JPG,717624.115220,1606459.065966,184.359924
A1046.JPG,717610.639206,1606480.331078,184.386217
D1046.JPG,717610.679985,1606480.236941,184.383699
S1046.JPG,717610.658670,1606480.284453,184.362951
W1046.JPG,717610.706412,1606480.304521,184.383271
X1046.JPG,717610.612634,1606480.263813,184.386394
A1047.JPG,717597.207793,1606501.181981,184.315280
D1047.JPG,717597.247672,1606501.087470,184.312418
S1047.JPG,717597.226721,1606501.135220,184.291847
W1047.JPG,717597.274733,1606501.154798,184.312008
X1047.JPG,717597.180589,1606501.114970,184.315441
A1048.JPG,717583.606423,1606522.412652,184.316402
D1048.JPG,717583.646696,1606522.318333,184.312815
S1048.JPG,717583.625479,1606522.366122,184.292614
W1048.JPG,717583.673468,1606522.385778,184.312754
X1048.JPG,717583.579506,1606522.345525,184.316217
A1049.JPG,717570.148694,1606543.378033,184.409107
D1049.JPG,717570.189745,1606543.284045,184.405635
S1049.JPG,717570.168177,1606543.331652,184.385374
W1049.JPG,717570.215964,1606543.351706,184.405601
X1049.JPG,717570.122328,1606543.310688,184.408894
A1050.JPG,717556.592282,1606564.448267,184.416454
D1050.JPG,717556.634439,1606564.354753,184.413463
S1050.JPG,717556.612397,1606564.402036,184.392956
W1050.JPG,717556.659867,1606564.422716,184.413298
X1050.JPG,717556.566703,1606564.380618,184.416371
A1051.JPG,717543.055513,1606585.366857,184.318195
D1051.JPG,717543.096754,1606585.272958,184.314572
S1051.JPG,717543.074934,1606585.320485,184.294393
W1051.JPG,717543.122817,1606585.340680,184.314250
X1051.JPG,717543.029301,1606585.299452,184.318271
A1137.JPG,717264.487877,1606411.441128,184.154213
D1137.JPG,717264.413746,1606411.512020,184.151080
S1137.JPG,717264.451937,1606411.476440,184.130645
W1137.JPG,717264.415647,1606411.439481,184.150941
X1137.JPG,717264.486233,1606411.513432,184.154104
A1138.JPG,717277.913337,1606390.248707,184.334957
D1138.JPG,717277.838716,1606390.319094,184.332080
S1138.JPG,717277.877058,1606390.283752,184.311512
W1138.JPG,717277.841107,1606390.246569,184.332002
X1138.JPG,717277.911205,1606390.320998,184.334785
A1139.JPG,717291.333845,1606369.230431,184.748060
D1139.JPG,717291.258587,1606369.300188,184.746917
S1139.JPG,717291.296985,1606369.265433,184.725472
W1139.JPG,717291.261605,1606369.227693,184.745937
X1139.JPG,717291.331084,1606369.302698,184.748785
A1140.JPG,717304.786130,1606348.305661,184.663856
D1140.JPG,717304.710677,1606348.375197,184.662291
S1140.JPG,717304.749315,1606348.340577,184.641062
W1140.JPG,717304.713914,1606348.302712,184.661260
X1140.JPG,717304.783152,1606348.377919,184.664634
A1141.JPG,717318.291701,1606327.258682,184.467135
D1141.JPG,717318.216817,1606327.328811,184.464819
S1141.JPG,717318.255321,1606327.293811,184.443972
W1141.JPG,717318.219483,1606327.256300,184.464058
X1141.JPG,717318.289294,1606327.330963,184.467646
A1142.JPG,717331.743125,1606306.188591,184.363625
D1142.JPG,717331.667327,1606306.257703,184.360603
S1142.JPG,717331.706320,1606306.223037,184.340111
W1142.JPG,717331.670950,1606306.185230,184.360468
X1142.JPG,717331.739765,1606306.260836,184.363512
A1143.JPG,717345.256315,1606285.124451,184.360514
D1143.JPG,717345.180317,1606285.193366,184.358058
S1143.JPG,717345.219584,1606285.159174,184.337294
W1143.JPG,717345.184178,1606285.120916,184.356728
X1143.JPG,717345.252720,1606285.196676,184.361594
A1144.JPG,717358.492144,1606263.975990,184.218701
D1144.JPG,717358.416621,1606264.045384,184.215284
S1144.JPG,717358.455414,1606264.010380,184.194988
W1144.JPG,717358.419946,1606263.972898,184.215772
X1144.JPG,717358.489079,1606264.048244,184.217965
A1145.JPG,717371.826846,1606242.900202,184.105049
D1145.JPG,717371.748605,1606242.966478,184.100942
S1145.JPG,717371.788977,1606242.933091,184.081002
W1145.JPG,717371.754864,1606242.894186,184.101438
X1145.JPG,717371.820859,1606242.972273,184.104308
A1146.JPG,717385.420409,1606221.823247,184.257821
D1146.JPG,717385.340057,1606221.886925,184.253381
S1146.JPG,717385.381647,1606221.854960,184.233616
W1146.JPG,717385.348692,1606221.814877,184.253672
X1146.JPG,717385.412056,1606221.895084,184.257286
A1147.JPG,717399.131641,1606200.946887,184.271171
D1147.JPG,717399.051699,1606201.011077,184.266721
S1147.JPG,717399.093215,1606200.979008,184.246970
W1147.JPG,717399.059902,1606200.938979,184.266534
X1147.JPG,717399.123720,1606201.018775,184.271114
A1148.JPG,717412.968249,1606179.969296,184.533682
D1148.JPG,717412.889675,1606180.035158,184.529287
S1148.JPG,717412.930505,1606180.002236,184.509508
W1148.JPG,717412.896359,1606179.962902,184.529047
X1148.JPG,717412.961842,1606180.041335,184.533678
A1149.JPG,717426.621412,1606159.234966,184.765566
D1149.JPG,717426.543608,1606159.301841,184.763293
S1149.JPG,717426.583531,1606159.268484,184.742423
W1149.JPG,717426.549355,1606159.229508,184.762617
X1149.JPG,717426.615932,1606159.307080,184.765991
A1150.JPG,717440.409062,1606138.278387,184.772959
D1150.JPG,717440.331977,1606138.346099,184.770980
S1150.JPG,717440.371650,1606138.312531,184.749970
W1150.JPG,717440.336968,1606138.273719,184.769610
X1150.JPG,717440.404338,1606138.350547,184.774077
A1151.JPG,717453.975846,1606117.277126,184.436125
D1151.JPG,717453.899715,1606117.345879,184.433295
S1151.JPG,717453.938995,1606117.311592,184.412713
W1151.JPG,717453.903707,1606117.273429,184.432543
X1151.JPG,717453.972119,1606117.349351,184.436628
A1152.JPG,717467.462956,1606096.170859,184.523089
D1152.JPG,717467.388278,1606096.241151,184.519462
S1152.JPG,717467.427012,1606096.206010,184.499289
W1152.JPG,717467.390788,1606096.168632,184.518928
X1152.JPG,717467.460709,1606096.243146,184.523378
A1153.JPG,717480.847842,1606074.981928,184.552420
D1153.JPG,717480.773372,1606075.052497,184.550136
S1153.JPG,717480.811469,1606075.017069,184.529265
W1153.JPG,717480.775586,1606074.979967,184.550020
X1153.JPG,717480.845884,1606075.054225,184.552285
A1154.JPG,717494.050293,1606053.700289,184.235960
D1154.JPG,717493.974791,1606053.769662,184.231737
S1154.JPG,717494.014126,1606053.735015,184.211875
W1154.JPG,717493.978196,1606053.697180,184.231173
X1154.JPG,717494.047156,1606053.772543,184.236280
A1155.JPG,717507.012517,1606032.443813,184.317961
D1155.JPG,717506.937787,1606032.514042,184.314168
S1155.JPG,717506.976296,1606032.478613,184.294066
W1155.JPG,717506.940306,1606032.441523,184.314655
X1155.JPG,717507.010258,1606032.516097,184.317228
A1156.JPG,717519.918813,1606010.974584,184.343679
D1156.JPG,717519.841681,1606011.042246,184.341820
S1156.JPG,717519.881094,1606011.008420,184.320735
W1156.JPG,717519.846684,1606010.969856,184.341319
X1156.JPG,717519.914075,1606011.046751,184.343927
