717551.84999999997671693563  1606212.08100000000558793545  5.14100000000000001421
717708.13300000003073364496  1606241.92400000011548399925  7.39200000000000034817
717477.92099999997299164534  1606299.16800000006332993507  4.17699999999999960210
717604.70700000005308538675  1606381.58100000000558793545  3.71700000000000008171
717400.03899999998975545168  1606458.05199999990873038769  4.29000000000000003553
717523.85499999998137354851  1606525.87700000009499490261  5.90200000000000013500
717428.90000000002328306437  1606454.32000000006519258022  3.45500000000000007105
717609.15300000004936009645  1606432.60199999995529651642  5.64299999999999979394
717504.49199999996926635504  1606286.26200000010430812836  3.90099999999999980105
717616.27800000004936009645  1606070.65400000009685754776  5.90299999999999958078
717745.28300000005401670933  1606169.40699999989010393620  9.89899999999999913314
