8back01053.JPG,717605.667090,1606094.354448,124.345934
8down01053.JPG,717605.643635,1606094.389143,124.313069
8front01053.JPG,717605.619207,1606094.433595,124.329233
8left01053.JPG,717605.683583,1606094.417661,124.333681
8right01053.JPG,717605.602714,1606094.370383,124.341486
8back01054.JPG,717597.630261,1606107.704981,124.254984
8down01054.JPG,717597.606858,1606107.739136,124.221520
8front01054.JPG,717597.582376,1606107.783828,124.236922
8left01054.JPG,717597.646750,1606107.767998,124.241758
8right01054.JPG,717597.565887,1606107.720811,124.250147
8back01055.JPG,717590.594292,1606119.594987,124.360746
8down01055.JPG,717590.570883,1606119.629330,124.327481
8front01055.JPG,717590.546390,1606119.673926,124.343141
8left01055.JPG,717590.610768,1606119.658083,124.347888
8right01055.JPG,717590.529914,1606119.610829,124.355998
8back01056.JPG,717583.418955,1606131.859874,124.302438
8down01056.JPG,717583.395795,1606131.894366,124.269153
8front01056.JPG,717583.371323,1606131.938973,124.284816
8left01056.JPG,717583.435639,1606131.922970,124.289847
8right01056.JPG,717583.354639,1606131.875876,124.297406
8back01057.JPG,717575.649458,1606144.828324,124.316306
8down01057.JPG,717575.626378,1606144.862495,124.282636
8front01057.JPG,717575.601839,1606144.907232,124.297815
8left01057.JPG,717575.666148,1606144.891309,124.303179
8right01057.JPG,717575.585149,1606144.844247,124.310941
8back01058.JPG,717568.039156,1606157.819366,124.403477
8down01058.JPG,717568.016392,1606157.853409,124.369463
8front01058.JPG,717567.991569,1606157.898119,124.384255
8left01058.JPG,717568.055849,1606157.882363,124.390410
8right01058.JPG,717567.974876,1606157.835123,124.397321
8back01059.JPG,717560.726131,1606170.179437,124.369993
8down01059.JPG,717560.702914,1606170.214308,124.337146
8front01059.JPG,717560.678516,1606170.258759,124.353359
8left01059.JPG,717560.742832,1606170.242654,124.358052
8right01059.JPG,717560.661814,1606170.195542,124.365300
8back01060.JPG,717553.023322,1606183.189085,124.498475
8down01060.JPG,717553.000082,1606183.223440,124.465104
8front01060.JPG,717552.975540,1606183.268048,124.480652
8left01060.JPG,717553.039887,1606183.252174,124.485693
8right01060.JPG,717552.958974,1606183.204960,124.493434
8back01061.JPG,717545.898771,1606195.225281,124.612841
8down01061.JPG,717545.875545,1606195.259730,124.579557
8front01061.JPG,717545.850939,1606195.304261,124.595227
8left01061.JPG,717545.915294,1606195.288430,124.600302
8right01061.JPG,717545.834415,1606195.241112,124.607766
8back01062.JPG,717537.974456,1606208.598004,124.673014
8down01062.JPG,717537.951463,1606208.632270,124.639382
8front01062.JPG,717537.926905,1606208.676976,124.654622
8left01062.JPG,717537.991196,1606208.661018,124.660090
8right01062.JPG,717537.910164,1606208.613963,124.667546
8back01063.JPG,717530.752443,1606220.674711,124.788817
8down01063.JPG,717530.728947,1606220.709477,124.756057
8front01063.JPG,717530.704787,1606220.754038,124.772323
8left01063.JPG,717530.769123,1606220.737848,124.776429
8right01063.JPG,717530.688108,1606220.690901,124.784711
8back01064.JPG,717523.164736,1606233.492095,124.875728
8down01064.JPG,717523.141674,1606233.526683,124.842475
8front01064.JPG,717523.117033,1606233.571173,124.858206
8left01064.JPG,717523.181356,1606233.555278,124.863492
8right01064.JPG,717523.100414,1606233.507991,124.870442
8back01065.JPG,717515.328175,1606246.419689,124.827162
8down01065.JPG,717515.304842,1606246.454177,124.793992
8front01065.JPG,717515.280387,1606246.498748,124.809783
8left01065.JPG,717515.344741,1606246.482811,124.814541
8right01065.JPG,717515.263822,1606246.435627,124.822404
8back01066.JPG,717507.372959,1606260.174424,124.841092
8down01066.JPG,717507.349902,1606260.208598,124.807409
8front01066.JPG,717507.325277,1606260.253290,124.822584
8left01066.JPG,717507.389596,1606260.237442,124.828059
8right01066.JPG,717507.308640,1606260.190272,124.835616
8back01067.JPG,717499.756404,1606272.422868,124.811004
8down01067.JPG,717499.732791,1606272.458083,124.778811
8front01067.JPG,717499.708632,1606272.502380,124.795784
8left01067.JPG,717499.772993,1606272.486194,124.799489
8right01067.JPG,717499.692044,1606272.439054,124.807299
8back01068.JPG,717491.966679,1606285.600128,124.852287
8down01068.JPG,717491.943749,1606285.634209,124.818424
8front01068.JPG,717491.919295,1606285.679074,124.833360
8left01068.JPG,717491.983554,1606285.663013,124.838916
8right01068.JPG,717491.902421,1606285.616190,124.846730
8left01069.JPG,717484.881763,1606297.731283,124.866528
8back01069.JPG,717484.865107,1606297.668248,124.879456
8down01069.JPG,717484.841810,1606297.702614,124.846136
8front01069.JPG,717484.817432,1606297.747298,124.861728
8right01069.JPG,717484.800776,1606297.684263,124.874656
8back01070.JPG,717476.806745,1606311.270918,124.912819
8down01070.JPG,717476.784418,1606311.304646,124.878209
8front01070.JPG,717476.759732,1606311.349674,124.892248
8left01070.JPG,717476.823877,1606311.333653,124.899080
8right01070.JPG,717476.742600,1606311.286939,124.905988
8back01071.JPG,717469.756962,1606323.129503,124.798255
8down01071.JPG,717469.733789,1606323.163837,124.764815
8front01071.JPG,717469.709345,1606323.208530,124.780274
8left01071.JPG,717469.773659,1606323.192529,124.785335
8right01071.JPG,717469.692648,1606323.145504,124.793193
8back01072.JPG,717462.108168,1606336.018259,124.856862
8down01072.JPG,717462.084683,1606336.053046,124.824116
8front01072.JPG,717462.060476,1606336.097572,124.840407
8left01072.JPG,717462.124818,1606336.081421,124.844562
8right01072.JPG,717462.043826,1606336.034410,124.852708
8back01073.JPG,717454.075013,1606349.629309,124.782805
8down01073.JPG,717454.051873,1606349.663221,124.748916
8front01073.JPG,717454.027290,1606349.708033,124.763803
8left01073.JPG,717454.091621,1606349.692222,124.769239
8right01073.JPG,717454.010682,1606349.645119,124.777370
8back01074.JPG,717446.593341,1606362.153831,124.687611
8down01074.JPG,717446.570411,1606362.187567,124.653404
8front01074.JPG,717446.545804,1606362.232493,124.667900
8left01074.JPG,717446.610089,1606362.216644,124.673755
8right01074.JPG,717446.529056,1606362.169680,124.681756
8back01075.JPG,717438.590664,1606375.684477,124.633407
8down01075.JPG,717438.567453,1606375.718790,124.599972
8front01075.JPG,717438.543057,1606375.763511,124.615429
8left01075.JPG,717438.607371,1606375.747482,124.620400
8right01075.JPG,717438.526349,1606375.700506,124.628436
8back01076.JPG,717431.400879,1606387.694918,124.625413
8down01076.JPG,717431.377602,1606387.729432,124.592232
8front01076.JPG,717431.353252,1606387.774067,124.608004
8left01076.JPG,717431.417573,1606387.757994,124.612738
8right01076.JPG,717431.336557,1606387.710991,124.620679
8back01077.JPG,717424.280981,1606399.868984,124.636519
8down01077.JPG,717424.257826,1606399.903432,124.603185
8front01077.JPG,717424.233456,1606399.948120,124.618776
8left01077.JPG,717424.297753,1606399.932019,124.623742
8right01077.JPG,717424.216684,1606399.885085,124.631554
8back01078.JPG,717416.359543,1606413.089002,124.603859
8down01078.JPG,717416.336641,1606413.123365,124.570263
8front01078.JPG,717416.312030,1606413.168020,124.585567
8left01078.JPG,717416.376309,1606413.152057,124.591174
8right01078.JPG,717416.295265,1606413.104964,124.598252
8back01079.JPG,717408.989428,1606426.480383,124.432824
8down01079.JPG,717408.966132,1606426.514968,124.399731
8front01079.JPG,717408.941823,1606426.559588,124.415611
8left01079.JPG,717409.006141,1606426.543473,124.420242
8right01079.JPG,717408.925109,1606426.496498,124.428192
8back01080.JPG,717401.193298,1606439.381278,124.367679
8down01080.JPG,717401.170126,1606439.415901,124.334538
8front01080.JPG,717401.145687,1606439.460462,124.350383
8left01080.JPG,717401.210000,1606439.444411,124.355303
8right01080.JPG,717401.128985,1606439.397328,124.362760
8down01081.JPG,717393.502116,1606452.515455,124.162952
8left01081.JPG,717393.541817,1606452.544275,124.183621
8back01081.JPG,717393.525167,1606452.481250,124.196606
8front01081.JPG,717393.477502,1606452.560141,124.178161
8right01081.JPG,717393.460851,1606452.497117,124.191147
8back01090.JPG,717411.323003,1606466.854223,124.325530
8down01090.JPG,717411.339767,1606466.820817,124.287621
8front01090.JPG,717411.367282,1606466.776274,124.297256
8left01090.JPG,717411.304934,1606466.791157,124.314841
8right01090.JPG,717411.385351,1606466.839340,124.307944
8back01091.JPG,717418.770833,1606454.279615,124.325440
8down01091.JPG,717418.790744,1606454.242545,124.292830
8front01091.JPG,717418.818001,1606454.199911,124.309363
8left01091.JPG,717418.754354,1606454.215402,124.320631
8right01091.JPG,717418.834481,1606454.264124,124.314171
8back01092.JPG,717426.633663,1606441.355281,124.519256
8down01092.JPG,717426.653726,1606441.318383,124.486545
8front01092.JPG,717426.680833,1606441.275618,124.502986
8left01092.JPG,717426.617137,1606441.291118,124.513965
8right01092.JPG,717426.697359,1606441.339781,124.508276
8back01093.JPG,717434.249183,1606428.217667,124.660990
8down01093.JPG,717434.268763,1606428.180984,124.627748
8front01093.JPG,717434.295849,1606428.137958,124.643530
8left01093.JPG,717434.232331,1606428.153624,124.655283
8right01093.JPG,717434.312700,1606428.202000,124.649238
8back01094.JPG,717441.955652,1606415.505452,124.849579
8down01094.JPG,717441.974588,1606415.469650,124.815029
8front01094.JPG,717442.001833,1606415.426159,124.829182
8left01094.JPG,717441.938557,1606415.441620,124.842418
8right01094.JPG,717442.018928,1606415.489991,124.836343
8back01095.JPG,717449.424704,1606402.847810,124.767236
8down01095.JPG,717449.444171,1606402.811190,124.733859
8front01095.JPG,717449.471049,1606402.767978,124.749489
8left01095.JPG,717449.407584,1606402.783867,124.761223
8right01095.JPG,717449.488169,1606402.831921,124.755502
8back01096.JPG,717457.553804,1606389.165324,124.675894
8down01096.JPG,717457.573446,1606389.129058,124.642234
8front01096.JPG,717457.600441,1606389.085801,124.657533
8left01096.JPG,717457.536905,1606389.101379,124.669300
8right01096.JPG,717457.617340,1606389.149746,124.664127
8back01097.JPG,717464.341356,1606377.130483,124.831655
8down01097.JPG,717464.361203,1606377.094240,124.798092
8front01097.JPG,717464.388006,1606377.050913,124.813532
8left01097.JPG,717464.324405,1606377.066577,124.824824
8right01097.JPG,717464.404958,1606377.114819,124.820364
8back01098.JPG,717471.836734,1606364.376238,124.925058
8down01098.JPG,717471.856324,1606364.340470,124.890840
8front01098.JPG,717471.883238,1606364.296931,124.905467
8left01098.JPG,717471.819725,1606364.312434,124.917457
8right01098.JPG,717471.900247,1606364.360735,124.913069
8back01099.JPG,717479.412844,1606351.201090,124.938154
8down01099.JPG,717479.432603,1606351.164489,124.904928
8front01099.JPG,717479.459340,1606351.121266,124.920767
8left01099.JPG,717479.395775,1606351.137151,124.931952
8right01099.JPG,717479.476409,1606351.185205,124.926969
8back01100.JPG,717486.699012,1606338.947170,125.039925
8down01100.JPG,717486.718478,1606338.910903,125.006165
8front01100.JPG,717486.745297,1606338.867493,125.021343
8left01100.JPG,717486.681835,1606338.883315,125.033187
8right01100.JPG,717486.762474,1606338.931349,125.028081
8back01101.JPG,717494.691038,1606325.635915,125.023930
8down01101.JPG,717494.710512,1606325.599778,124.990034
8front01101.JPG,717494.737501,1606325.556414,125.005038
8left01101.JPG,717494.674027,1606325.572024,125.017100
8right01101.JPG,717494.754511,1606325.620305,125.011868
8back01102.JPG,717501.722092,1606313.599498,125.102895
8down01102.JPG,717501.741334,1606313.563783,125.068424
8front01102.JPG,717501.768432,1606313.520244,125.082709
8left01102.JPG,717501.705043,1606313.535692,125.095402
8right01102.JPG,717501.785482,1606313.584050,125.090202
8back01103.JPG,717509.600727,1606300.299671,125.076037
8down01103.JPG,717509.620050,1606300.263311,125.042295
8front01103.JPG,717509.647168,1606300.220084,125.057461
8left01103.JPG,717509.583746,1606300.235716,125.069763
8right01103.JPG,717509.664148,1606300.284039,125.063735
8back01104.JPG,717517.510626,1606287.010916,125.140799
8down01104.JPG,717517.530331,1606286.974599,125.107231
8front01104.JPG,717517.557387,1606286.931419,125.122641
8left01104.JPG,717517.493824,1606286.946930,125.134354
8right01104.JPG,717517.574189,1606286.995405,125.129086
8back01105.JPG,717525.352109,1606273.899243,125.158977
8down01105.JPG,717525.371542,1606273.863378,125.124771
8front01105.JPG,717525.398575,1606273.819911,125.139395
8left01105.JPG,717525.335115,1606273.835399,125.151683
8right01105.JPG,717525.415569,1606273.883754,125.146690
8back01106.JPG,717532.889101,1606261.046851,125.177673
8down01106.JPG,717532.907878,1606261.011606,125.142471
8front01106.JPG,717532.934997,1606260.967783,125.155817
8left01106.JPG,717532.871788,1606260.983213,125.169403
8right01106.JPG,717532.952309,1606261.031422,125.164087
8back01107.JPG,717540.742193,1606247.841013,125.062157
8down01107.JPG,717540.761953,1606247.804412,125.028932
8front01107.JPG,717540.788872,1606247.761298,125.044761
8left01107.JPG,717540.725296,1606247.777012,125.056125
8right01107.JPG,717540.805769,1606247.825299,125.050793
8back01108.JPG,717548.175935,1606235.603210,124.952563
8down01108.JPG,717548.195546,1606235.566824,124.919015
8front01108.JPG,717548.222568,1606235.523629,124.934445
8left01108.JPG,717548.159042,1606235.539238,124.946227
8right01108.JPG,717548.239461,1606235.587602,124.940781
8back01109.JPG,717555.394621,1606223.439519,124.981437
8down01109.JPG,717555.413799,1606223.403679,124.947061
8front01109.JPG,717555.440948,1606223.360206,124.961452
8left01109.JPG,717555.377581,1606223.375678,124.974231
8right01109.JPG,717555.457988,1606223.424047,124.968658
8back01110.JPG,717563.283379,1606209.983462,124.887056
8down01110.JPG,717563.302337,1606209.947757,124.852419
8front01110.JPG,717563.329565,1606209.904222,124.866466
8left01110.JPG,717563.266281,1606209.919653,124.879698
8right01110.JPG,717563.346663,1606209.968030,124.873825
8back01111.JPG,717571.451660,1606195.942196,124.793100
8down01111.JPG,717571.471087,1606195.906147,124.759084
8front01111.JPG,717571.498111,1606195.862754,124.773939
8left01111.JPG,717571.434654,1606195.878318,124.786143
8right01111.JPG,717571.515117,1606195.926632,124.780896
8back01112.JPG,717578.494338,1606184.207071,124.582715
8down01112.JPG,717578.513444,1606184.171271,124.548258
8front01112.JPG,717578.540623,1606184.127782,124.562543
8left01112.JPG,717578.477283,1606184.143238,124.575471
8right01112.JPG,717578.557678,1606184.191616,124.569787
8back01113.JPG,717585.761159,1606172.026451,124.575074
8down01113.JPG,717585.780267,1606171.990908,124.540352
8front01113.JPG,717585.807452,1606171.947318,124.554313
8left01113.JPG,717585.744111,1606171.962671,124.567361
8right01113.JPG,717585.824500,1606172.011098,124.562026
8back01114.JPG,717593.451978,1606159.146002,124.385708
8down01114.JPG,717593.470730,1606159.110347,124.350908
8front01114.JPG,717593.497935,1606159.066729,124.364739
8left01114.JPG,717593.434734,1606159.082243,124.378266
8right01114.JPG,717593.515179,1606159.130488,124.372182
8back01115.JPG,717601.765154,1606146.904315,124.605199
8down01115.JPG,717601.784097,1606146.868141,124.571042
8front01115.JPG,717601.811222,1606146.824737,124.585679
8left01115.JPG,717601.747948,1606146.840450,124.598619
8right01115.JPG,717601.828428,1606146.888601,124.592259
8back01116.JPG,717608.707031,1606135.058181,124.546543
8down01116.JPG,717608.726389,1606135.021942,124.512692
8front01116.JPG,717608.753456,1606134.978639,124.527735
8left01116.JPG,717608.690023,1606134.994261,124.539991
8right01116.JPG,717608.770464,1606135.042559,124.534287
8back01117.JPG,717617.106572,1606122.866092,124.507136
8down01117.JPG,717617.125737,1606122.829874,124.473152
8front01117.JPG,717617.153194,1606122.786747,124.487989
8left01117.JPG,717617.089823,1606122.802070,124.500920
8right01117.JPG,717617.169943,1606122.850769,124.494205
8back01118.JPG,717624.090487,1606110.064723,124.499492
8down01118.JPG,717624.109635,1606110.028774,124.465214
8front01118.JPG,717624.136984,1606109.985460,124.479706
8left01118.JPG,717624.073622,1606110.000793,124.492675
8right01118.JPG,717624.153849,1606110.049391,124.486523
8back01173.JPG,717652.399792,1606104.406762,123.831701
8down01173.JPG,717652.377179,1606104.439757,123.796574
8front01173.JPG,717652.352403,1606104.484956,123.809885
8left01173.JPG,717652.416637,1606104.469285,123.816700
8right01173.JPG,717652.335558,1606104.422432,123.824887
8back01174.JPG,717642.689459,1606119.191667,123.733602
8down01174.JPG,717642.665852,1606119.226759,123.701271
8front01174.JPG,717642.641474,1606119.270995,123.718091
8left01174.JPG,717642.705875,1606119.255035,123.722070
8right01174.JPG,717642.625058,1606119.207626,123.729623
8back01175.JPG,717636.744181,1606131.625074,123.633056
8down01175.JPG,717636.720604,1606131.659891,123.600409
8front01175.JPG,717636.696330,1606131.704337,123.616822
8left01175.JPG,717636.760705,1606131.688294,123.620883
8right01175.JPG,717636.679806,1606131.641117,123.628994
8back01176.JPG,717628.283927,1606146.526372,123.512103
8down01176.JPG,717628.260588,1606146.560556,123.478625
8front01176.JPG,717628.236069,1606146.605230,123.494021
8left01176.JPG,717628.300435,1606146.589404,123.498972
8right01176.JPG,717628.219561,1606146.542198,123.507151
8back01177.JPG,717620.926110,1606158.631492,123.580971
8down01177.JPG,717620.903033,1606158.665713,123.547349
8front01177.JPG,717620.878552,1606158.710462,123.562586
8left01177.JPG,717620.942851,1606158.694472,123.567880
8right01177.JPG,717620.861812,1606158.647483,123.575678
8back01178.JPG,717613.272257,1606171.152400,123.495538
8down01178.JPG,717613.249164,1606171.186406,123.461711
8front01178.JPG,717613.224641,1606171.231223,123.476680
8left01178.JPG,717613.288951,1606171.215316,123.482088
8right01178.JPG,717613.207948,1606171.168307,123.490130
8back01179.JPG,717605.688784,1606183.618105,123.596875
8down01179.JPG,717605.665367,1606183.652231,123.563393
8front01179.JPG,717605.640970,1606183.696982,123.578759
8left01179.JPG,717605.705332,1606183.681077,123.583508
8right01179.JPG,717605.624422,1606183.634010,123.592125
8back01180.JPG,717599.152402,1606195.492492,123.853138
8down01180.JPG,717599.128970,1606195.526984,123.820042
8front01180.JPG,717599.104688,1606195.571627,123.835898
8left01180.JPG,717599.169032,1606195.555562,123.840347
8right01180.JPG,717599.088058,1606195.508557,123.848689
8back01181.JPG,717591.303624,1606207.480210,123.886417
8down01181.JPG,717591.280414,1606207.514897,123.853370
8front01181.JPG,717591.255963,1606207.559409,123.869331
8left01181.JPG,717591.320288,1606207.543380,123.874173
8right01181.JPG,717591.239300,1606207.496240,123.881575
8back01182.JPG,717583.607268,1606220.638241,124.010139
8down01182.JPG,717583.584048,1606220.673083,123.977263
8front01182.JPG,717583.559679,1606220.717564,123.993436
8left01182.JPG,717583.623991,1606220.701437,123.998112
8right01182.JPG,717583.542956,1606220.654369,124.005463
8back01183.JPG,717576.094064,1606233.102726,124.249750
8down01183.JPG,717576.070933,1606233.137513,124.216753
8front01183.JPG,717576.046417,1606233.181962,124.232795
8left01183.JPG,717576.110734,1606233.165944,124.237767
8right01183.JPG,717576.029746,1606233.118744,124.244778
8back01184.JPG,717568.203827,1606246.700867,124.239691
8down01184.JPG,717568.180627,1606246.735116,124.206183
8front01184.JPG,717568.156202,1606246.779852,124.221547
8left01184.JPG,717568.220519,1606246.763857,124.226592
8right01184.JPG,717568.139509,1606246.716862,124.234646
8back01185.JPG,717560.457294,1606260.111420,124.188968
8down01185.JPG,717560.434038,1606260.145301,124.155127
8front01185.JPG,717560.409628,1606260.190196,124.170044
8left01185.JPG,717560.473956,1606260.174267,124.175164
8right01185.JPG,717560.392967,1606260.127348,124.183848
8back01186.JPG,717553.121996,1606272.449219,124.225639
8down01186.JPG,717553.098635,1606272.483131,124.191902
8front01186.JPG,717553.074099,1606272.527913,124.206954
8left01186.JPG,717553.138473,1606272.512155,124.212015
8right01186.JPG,717553.057621,1606272.464978,124.220579
8back01187.JPG,717545.456969,1606285.237812,124.280362
8down01187.JPG,717545.433848,1606285.271919,124.246655
8front01187.JPG,717545.409386,1606285.316719,124.261773
8left01187.JPG,717545.473691,1606285.300747,124.267038
8right01187.JPG,717545.392663,1606285.253784,124.275097
8back01188.JPG,717537.637112,1606298.490841,124.290575
8down01188.JPG,717537.613966,1606298.525376,124.257325
8front01188.JPG,717537.589558,1606298.570004,124.273030
8left01188.JPG,717537.653860,1606298.553923,124.278002
8right01188.JPG,717537.572810,1606298.506921,124.285603
8back01189.JPG,717529.834979,1606311.656033,124.313810
8down01189.JPG,717529.811877,1606311.690814,124.280787
8front01189.JPG,717529.787500,1606311.735354,124.296785
8left01189.JPG,717529.851786,1606311.719186,124.301675
8right01189.JPG,717529.770693,1606311.672202,124.308921
8back01190.JPG,717522.467630,1606324.190528,124.277962
8down01190.JPG,717522.444580,1606324.225102,124.244686
8front01190.JPG,717522.419954,1606324.269611,124.260388
8left01190.JPG,717522.484271,1606324.253697,124.265684
8right01190.JPG,717522.403313,1606324.206442,124.272666
8back01191.JPG,717514.902579,1606336.847681,124.286700
8down01191.JPG,717514.879527,1606336.881773,124.252931
8front01191.JPG,717514.854876,1606336.926488,124.267995
8left01191.JPG,717514.919198,1606336.910678,124.273540
8right01191.JPG,717514.838257,1606336.863491,124.281155
8back01192.JPG,717506.965110,1606350.631903,124.204616
8down01192.JPG,717506.942081,1606350.666155,124.170995
8front01192.JPG,717506.917523,1606350.710858,124.186245
8left01192.JPG,717506.981823,1606350.694918,124.191664
8right01192.JPG,717506.900810,1606350.647843,124.199197
8back01193.JPG,717499.563068,1606362.912731,124.147829
8down01193.JPG,717499.540067,1606362.947062,124.114267
8front01193.JPG,717499.515522,1606362.991744,124.129598
8left01193.JPG,717499.579813,1606362.975765,124.135011
8right01193.JPG,717499.498776,1606362.928710,124.142415
8back01194.JPG,717491.448234,1606376.629837,124.085793
8down01194.JPG,717491.425270,1606376.664033,124.052070
8front01194.JPG,717491.400689,1606376.708765,124.067197
8left01194.JPG,717491.464978,1606376.692827,124.072762
8right01194.JPG,717491.383945,1606376.645774,124.080228
8back01195.JPG,717484.148799,1606388.976669,124.063865
8down01195.JPG,717484.125847,1606389.010632,124.029898
8front01195.JPG,717484.101191,1606389.055427,124.044715
8left01195.JPG,717484.165490,1606389.039599,124.050476
8right01195.JPG,717484.084500,1606388.992497,124.058104
8back01196.JPG,717475.910246,1606402.824145,123.916129
8down01196.JPG,717475.887350,1606402.858091,123.882107
8front01196.JPG,717475.862706,1606402.902914,123.896856
8left01196.JPG,717475.926989,1606402.887052,123.902697
8right01196.JPG,717475.845964,1606402.840007,123.910288
8back01197.JPG,717468.471879,1606415.292904,123.773326
8down01197.JPG,717468.448649,1606415.327168,123.739855
8front01197.JPG,717468.424198,1606415.371874,123.755266
8left01197.JPG,717468.488527,1606415.355917,123.760280
8right01197.JPG,717468.407550,1606415.308861,123.768312
8back01198.JPG,717461.252719,1606427.630854,123.766725
8down01198.JPG,717461.229405,1606427.665238,123.733436
8front01198.JPG,717461.205024,1606427.709907,123.749066
8left01198.JPG,717461.269360,1606427.693901,123.753834
8right01198.JPG,717461.188384,1606427.646860,123.761957
8back01199.JPG,717453.793514,1606440.216973,123.622154
8down01199.JPG,717453.770873,1606440.250689,123.587736
8front01199.JPG,717453.746004,1606440.295542,123.602011
8left01199.JPG,717453.810260,1606440.279840,123.608543
8right01199.JPG,717453.729258,1606440.232675,123.615622
8back01200.JPG,717445.718451,1606453.996655,123.506801
8down01200.JPG,717445.695485,1606454.030658,123.472884
8front01200.JPG,717445.670816,1606454.075424,123.487766
8left01200.JPG,717445.735120,1606454.059609,123.493498
8right01200.JPG,717445.654147,1606454.012470,123.501069
8back01201.JPG,717438.546117,1606466.762212,123.370338
8down01201.JPG,717438.523251,1606466.796290,123.336428
8front01201.JPG,717438.498555,1606466.841033,123.351333
8left01201.JPG,717438.562839,1606466.825187,123.357204
8right01201.JPG,717438.481833,1606466.778058,123.364466
8back01202.JPG,717430.754281,1606480.069609,123.226851
8down01202.JPG,717430.731346,1606480.103860,123.193164
8front01202.JPG,717430.706780,1606480.148584,123.208341
8left01202.JPG,717430.771059,1606480.132609,123.213909
8right01202.JPG,717430.690002,1606480.085583,123.221283
8back01212.JPG,717458.851781,1606476.364577,123.514629
8down01212.JPG,717458.871906,1606476.327464,123.482200
8front01212.JPG,717458.899082,1606476.284869,123.498967
8left01212.JPG,717458.835360,1606476.300348,123.509825
8right01212.JPG,717458.915503,1606476.349098,123.503771
8back01213.JPG,717466.846000,1606463.064681,123.676475
8down01213.JPG,717466.865975,1606463.027797,123.643694
8front01213.JPG,717466.893177,1606462.985055,123.660039
8left01213.JPG,717466.829509,1606463.000504,123.671249
8right01213.JPG,717466.909669,1606463.049233,123.665266
8back01214.JPG,717474.134375,1606450.893363,123.903302
8down01214.JPG,717474.154434,1606450.855915,123.871219
8front01214.JPG,717474.181534,1606450.813429,123.888380
8left01214.JPG,717474.117839,1606450.829122,123.899092
8right01214.JPG,717474.198069,1606450.877670,123.892590
8back01215.JPG,717481.515563,1606438.459760,124.047402
8down01215.JPG,717481.534600,1606438.423516,124.013373
8front01215.JPG,717481.561881,1606438.380259,124.028159
8left01215.JPG,717481.498564,1606438.395814,124.041086
8right01215.JPG,717481.578879,1606438.444206,124.034475
8back01216.JPG,717489.193983,1606424.805439,123.997283
8down01216.JPG,717489.213268,1606424.769153,123.963440
8front01216.JPG,717489.240428,1606424.725907,123.978479
8left01216.JPG,717489.177019,1606424.741489,123.990912
8right01216.JPG,717489.257391,1606424.789858,123.984851
8back01217.JPG,717497.242036,1606411.531942,124.092762
8down01217.JPG,717497.261662,1606411.495671,124.059098
8front01217.JPG,717497.288756,1606411.452472,124.074385
8left01217.JPG,717497.225221,1606411.467964,124.086272
8right01217.JPG,717497.305571,1606411.516449,124.080876
8back01218.JPG,717505.063884,1606398.334388,124.329687
8down01218.JPG,717505.083671,1606398.298375,124.295841
8front01218.JPG,717505.110724,1606398.255078,124.310926
8left01218.JPG,717505.047131,1606398.270451,124.322657
8right01218.JPG,717505.127477,1606398.319015,124.317955
8back01219.JPG,717512.150422,1606386.191169,124.257805
8down01219.JPG,717512.170369,1606386.154891,124.224337
8front01219.JPG,717512.197214,1606386.111634,124.239898
8left01219.JPG,717512.133574,1606386.127225,124.251072
8right01219.JPG,717512.214062,1606386.175578,124.246630
8down01220.JPG,717519.452899,1606373.834007,124.315089
8left01220.JPG,717519.416114,1606373.806244,124.341736
8back01220.JPG,717519.433048,1606373.870132,124.348778
8front01220.JPG,717519.479718,1606373.790637,124.330379
8right01220.JPG,717519.496652,1606373.854525,124.337420
8back01221.JPG,717527.040797,1606360.890267,124.384566
8down01221.JPG,717527.060501,1606360.853758,124.351207
8front01221.JPG,717527.087393,1606360.810568,124.366876
8left01221.JPG,717527.023839,1606360.826301,124.378336
8right01221.JPG,717527.104351,1606360.874534,124.373106
8back01222.JPG,717534.457387,1606348.215060,124.495224
8down01222.JPG,717534.476931,1606348.178644,124.461669
8front01222.JPG,717534.503949,1606348.135442,124.477084
8left01222.JPG,717534.440448,1606348.151094,124.488945
8right01222.JPG,717534.520888,1606348.199408,124.483362
8back01223.JPG,717542.430048,1606334.962170,124.437152
8down01223.JPG,717542.449335,1606334.926077,124.403104
8front01223.JPG,717542.476369,1606334.882671,124.417908
8left01223.JPG,717542.412965,1606334.898301,124.430301
8right01223.JPG,717542.493452,1606334.946540,124.424759
8down01224.JPG,717550.031136,1606322.049592,124.455152
8left01224.JPG,717549.994565,1606322.022085,124.482354
8right01224.JPG,717550.075017,1606322.070400,124.476958
8back01224.JPG,717550.011475,1606322.086064,124.488577
8front01224.JPG,717550.058107,1606322.006421,124.470734
8back01225.JPG,717557.613251,1606309.257789,124.508152
8down01225.JPG,717557.632593,1606309.221954,124.473863
8front01225.JPG,717557.659721,1606309.178508,124.488375
8left01225.JPG,717557.596292,1606309.193932,124.500900
8right01225.JPG,717557.676680,1606309.242366,124.495627
8back01226.JPG,717565.882497,1606295.095979,124.536648
8down01226.JPG,717565.902206,1606295.059850,124.502880
8front01226.JPG,717565.929212,1606295.016556,124.518054
8left01226.JPG,717565.865650,1606295.032047,124.529799
8right01226.JPG,717565.946059,1606295.080487,124.524903
8back01227.JPG,717572.872427,1606283.282152,124.582284
8down01227.JPG,717572.892166,1606283.246096,124.548455
8front01227.JPG,717572.919200,1606283.202794,124.563558
8left01227.JPG,717572.855625,1606283.218221,124.575320
8right01227.JPG,717572.936001,1606283.266725,124.570522
8down01228.JPG,717580.536137,1606270.466111,124.529194
8left01228.JPG,717580.499523,1606270.438040,124.555754
8right01228.JPG,717580.579917,1606270.486567,124.551528
8back01228.JPG,717580.516314,1606270.501915,124.563240
8front01228.JPG,717580.563125,1606270.422692,124.544042
8back01229.JPG,717588.496416,1606257.032491,124.463165
8down01229.JPG,717588.515800,1606256.997012,124.428530
8front01229.JPG,717588.542717,1606256.953303,124.442635
8left01229.JPG,717588.479281,1606256.968783,124.455055
8right01229.JPG,717588.559852,1606257.017010,124.450745
8back01230.JPG,717596.100329,1606244.100262,124.418917
8down01230.JPG,717596.119499,1606244.063921,124.385067
8front01230.JPG,717596.146519,1606244.020585,124.400098
8left01230.JPG,717596.083160,1606244.036368,124.412531
8right01230.JPG,717596.163688,1606244.084479,124.406485
8back01231.JPG,717603.427440,1606231.450821,124.423181
8down01231.JPG,717603.446319,1606231.414778,124.388852
8front01231.JPG,717603.473401,1606231.371275,124.403279
8left01231.JPG,717603.410153,1606231.387008,124.416326
8right01231.JPG,717603.490688,1606231.435089,124.410134
8back01232.JPG,717610.797225,1606219.401874,124.379106
8down01232.JPG,717610.816239,1606219.365453,124.345254
8front01232.JPG,717610.843393,1606219.322192,124.360258
8left01232.JPG,717610.780089,1606219.337943,124.373009
8right01232.JPG,717610.860528,1606219.386123,124.366355
8back01233.JPG,717618.819966,1606205.531717,124.217180
8down01233.JPG,717618.839540,1606205.495184,124.183771
8front01233.JPG,717618.866553,1606205.452042,124.199361
8left01233.JPG,717618.803041,1606205.467727,124.211120
8right01233.JPG,717618.883478,1606205.516033,124.205422
8back01234.JPG,717626.751490,1606192.240513,124.123597
8down01234.JPG,717626.770972,1606192.204455,124.089621
8front01234.JPG,717626.798120,1606192.161154,124.104521
8left01234.JPG,717626.734637,1606192.176581,124.116765
8right01234.JPG,717626.814973,1606192.225086,124.111352
8back01235.JPG,717633.771320,1606179.876469,124.259914
8down01235.JPG,717633.791215,1606179.839982,124.226643
8front01235.JPG,717633.818143,1606179.796859,124.242429
8left01235.JPG,717633.754518,1606179.812464,124.253663
8right01235.JPG,717633.834946,1606179.860863,124.248679
8back01236.JPG,717640.461638,1606167.590712,124.209769
8down01236.JPG,717640.481361,1606167.554648,124.175940
8front01236.JPG,717640.508228,1606167.511245,124.191051
8left01236.JPG,717640.444668,1606167.526841,124.202668
8right01236.JPG,717640.525198,1606167.575117,124.198152
8back01237.JPG,717648.888180,1606154.519842,123.987177
8down01237.JPG,717648.907818,1606154.484148,123.952909
8front01237.JPG,717648.934720,1606154.440582,123.967481
8left01237.JPG,717648.871189,1606154.456052,123.979422
8right01237.JPG,717648.951710,1606154.504373,123.975236
8back01238.JPG,717657.406145,1606141.935719,123.848189
8down01238.JPG,717657.425552,1606141.899745,123.814083
8front01238.JPG,717657.452569,1606141.856309,123.828828
8left01238.JPG,717657.389120,1606141.871862,123.841088
8right01238.JPG,717657.469594,1606141.920166,123.835930
8back01239.JPG,717664.808922,1606129.395705,123.821537
8down01239.JPG,717664.828517,1606129.359230,123.788076
8front01239.JPG,717664.855704,1606129.316171,123.803595
8left01239.JPG,717664.792177,1606129.331662,123.815524
8right01239.JPG,717664.872450,1606129.380213,123.809608
8back01240.JPG,717671.613339,1606117.902744,124.048259
8down01240.JPG,717671.632327,1606117.866671,124.014021
8front01240.JPG,717671.659534,1606117.823283,124.028558
8left01240.JPG,717671.596239,1606117.838863,124.041560
8right01240.JPG,717671.676634,1606117.887164,124.035257
8back01293.JPG,717692.476016,1606126.299505,124.171228
8down01293.JPG,717692.453019,1606126.334427,124.138280
8front01293.JPG,717692.428822,1606126.379032,124.154371
8left01293.JPG,717692.493050,1606126.362614,124.159185
8right01293.JPG,717692.411788,1606126.315922,124.166415
8left01294.JPG,717685.151737,1606138.887097,124.191080
8back01294.JPG,717685.134962,1606138.824144,124.204253
8down01294.JPG,717685.111877,1606138.858348,124.170620
8front01294.JPG,717685.087446,1606138.903132,124.185836
8right01294.JPG,717685.070670,1606138.840179,124.199009
8back01295.JPG,717677.544850,1606152.274635,124.149165
8down01295.JPG,717677.521717,1606152.308747,124.115472
8front01295.JPG,717677.497149,1606152.353480,124.130616
8left01295.JPG,717677.561476,1606152.337620,124.135955
8right01295.JPG,717677.480524,1606152.290496,124.143827
8back01296.JPG,717670.434394,1606164.136570,124.174948
8down01296.JPG,717670.411181,1606164.170941,124.141575
8front01296.JPG,717670.386781,1606164.215633,124.157111
8left01296.JPG,717670.451097,1606164.199600,124.162053
8right01296.JPG,717670.370078,1606164.152603,124.170005
8back01297.JPG,717662.880688,1606177.148544,124.294780
8down01297.JPG,717662.857506,1606177.182959,124.261431
8front01297.JPG,717662.833205,1606177.227695,124.276992
8left01297.JPG,717662.897496,1606177.211542,124.281871
8right01297.JPG,717662.816397,1606177.164696,124.289901
8down01298.JPG,717655.365993,1606189.664975,124.196929
8left01298.JPG,717655.405917,1606189.693739,124.217243
8right01298.JPG,717655.324733,1606189.647064,124.225404
8back01298.JPG,717655.388983,1606189.630901,124.230757
8front01298.JPG,717655.341667,1606189.709902,124.211890
8back01299.JPG,717648.220274,1606202.069382,124.222417
8down01299.JPG,717648.197147,1606202.103045,124.188271
8front01299.JPG,717648.172600,1606202.147988,124.202816
8left01299.JPG,717648.236922,1606202.132176,124.208356
8right01299.JPG,717648.155952,1606202.085194,124.216877
8back01300.JPG,717639.360201,1606215.040513,124.402113
8down01300.JPG,717639.337017,1606215.074916,124.368751
8front01300.JPG,717639.312617,1606215.119600,124.384305
8left01300.JPG,717639.376926,1606215.103550,124.389280
8right01300.JPG,717639.295892,1606215.056563,124.397138
8back01301.JPG,717632.028429,1606227.514416,124.515305
8down01301.JPG,717632.005443,1606227.548756,124.481744
8front01301.JPG,717631.981194,1606227.593609,124.497048
8left01301.JPG,717632.045429,1606227.577325,124.502211
8right01301.JPG,717631.964194,1606227.530700,124.510143
8down01302.JPG,717624.401427,1606240.324723,124.551891
8left01302.JPG,717624.441250,1606240.353461,124.572439
8right01302.JPG,717624.360127,1606240.306609,124.580179
8back01302.JPG,717624.424391,1606240.290532,124.585620
8front01302.JPG,717624.376985,1606240.369538,124.566998
8back01303.JPG,717617.045682,1606252.862206,124.626213
8down01303.JPG,717617.022726,1606252.896199,124.592279
8front01303.JPG,717616.998137,1606252.941019,124.607133
8left01303.JPG,717617.062425,1606252.925120,124.612811
8right01303.JPG,717616.981394,1606252.878105,124.620534
8back01304.JPG,717609.281090,1606266.055365,124.742152
8down01304.JPG,717609.257954,1606266.089708,124.708697
8front01304.JPG,717609.233504,1606266.134403,124.724141
8left01304.JPG,717609.297811,1606266.118390,124.729259
8right01304.JPG,717609.216783,1606266.071378,124.737035
8back01305.JPG,717601.856109,1606278.622756,124.780856
8down01305.JPG,717601.832920,1606278.657285,124.747630
8front01305.JPG,717601.808591,1606278.701950,124.763353
8left01305.JPG,717601.872888,1606278.685812,124.768191
8right01305.JPG,717601.791811,1606278.638894,124.776017
8back01306.JPG,717594.605458,1606290.876179,124.853719
8down01306.JPG,717594.582292,1606290.910377,124.820136
8front01306.JPG,717594.557795,1606290.955104,124.835413
8left01306.JPG,717594.622117,1606290.939174,124.840597
8right01306.JPG,717594.541136,1606290.892110,124.848535
8back01307.JPG,717585.820812,1606305.564709,124.859124
8down01307.JPG,717585.797782,1606305.598004,124.824554
8front01307.JPG,717585.773146,1606305.643072,124.838552
8left01307.JPG,717585.837460,1606305.627371,124.844483
8right01307.JPG,717585.756498,1606305.580410,124.853192
8back01308.JPG,717578.142441,1606318.427672,124.754135
8down01308.JPG,717578.119216,1606318.461710,124.720430
8front01308.JPG,717578.094846,1606318.506568,124.735527
8left01308.JPG,717578.159159,1606318.490560,124.740584
8right01308.JPG,717578.078128,1606318.443680,124.749078
8back01309.JPG,717570.777251,1606330.871151,124.819974
8down01309.JPG,717570.754210,1606330.904922,124.785876
8front01309.JPG,717570.729703,1606330.949864,124.800492
8left01309.JPG,717570.793997,1606330.933956,124.806076
8right01309.JPG,717570.712957,1606330.887059,124.814390
8back01310.JPG,717563.803374,1606342.669427,124.808284
8down01310.JPG,717563.780105,1606342.703502,124.774647
8front01310.JPG,717563.755734,1606342.748331,124.789828
8left01310.JPG,717563.820058,1606342.732339,124.794801
8right01310.JPG,717563.739051,1606342.685419,124.803310
8back01311.JPG,717555.920359,1606356.129415,124.703837
8down01311.JPG,717555.897030,1606356.163760,124.670517
8front01311.JPG,717555.872811,1606356.208537,124.686089
8left01311.JPG,717555.937120,1606356.192381,124.690707
8right01311.JPG,717555.856050,1606356.145571,124.699219
8back01312.JPG,717548.597485,1606368.677398,124.650417
8down01312.JPG,717548.574614,1606368.710681,124.615730
8front01312.JPG,717548.549910,1606368.755751,124.629600
8left01312.JPG,717548.614196,1606368.740057,124.635837
8right01312.JPG,717548.533198,1606368.693092,124.644179
8back01313.JPG,717540.977087,1606381.699064,124.490641
8down01313.JPG,717540.953753,1606381.733695,124.457622
8front01313.JPG,717540.929497,1606381.778313,124.473586
8left01313.JPG,717540.993814,1606381.762157,124.478091
8right01313.JPG,717540.912770,1606381.715220,124.486136
8back01314.JPG,717533.511482,1606394.063180,124.552883
8down01314.JPG,717533.488467,1606394.097211,124.519028
8front01314.JPG,717533.463910,1606394.142017,124.533973
8left01314.JPG,717533.528207,1606394.126106,124.539517
8right01314.JPG,717533.447185,1606394.079092,124.547339
8back01315.JPG,717526.366876,1606406.398284,124.488958
8down01315.JPG,717526.343644,1606406.432502,124.455441
8front01315.JPG,717526.319219,1606406.477244,124.470790
8left01315.JPG,717526.383544,1606406.461269,124.475801
8right01315.JPG,717526.302552,1606406.414259,124.483946
8back01316.JPG,717517.840339,1606420.588671,124.309390
8down01316.JPG,717517.817631,1606420.622232,124.274864
8front01316.JPG,717517.792914,1606420.667221,124.288974
8left01316.JPG,717517.857162,1606420.651421,124.295341
8right01316.JPG,717517.776091,1606420.604470,124.303023
8back01317.JPG,717510.709368,1606432.561732,124.273884
8down01317.JPG,717510.686320,1606432.596225,124.240523
8front01317.JPG,717510.661831,1606432.640852,124.256102
8left01317.JPG,717510.726124,1606432.624813,124.261315
8right01317.JPG,717510.645075,1606432.577771,124.268671
8back01318.JPG,717502.807549,1606446.234976,124.177003
8down01318.JPG,717502.784769,1606446.269153,124.143136
8front01318.JPG,717502.760046,1606446.313859,124.158109
8left01318.JPG,717502.824313,1606446.297985,124.164088
8right01318.JPG,717502.743281,1606446.250850,124.171024
8back01319.JPG,717495.700996,1606458.439137,124.200128
8down01319.JPG,717495.678046,1606458.473199,124.166258
8front01319.JPG,717495.653515,1606458.518023,124.181191
8left01319.JPG,717495.717792,1606458.502052,124.186797
8right01319.JPG,717495.636719,1606458.455109,124.194522
8back01320.JPG,717487.851456,1606472.259141,123.922388
8down01320.JPG,717487.828819,1606472.292595,123.887713
8front01320.JPG,717487.804081,1606472.337631,123.901633
8left01320.JPG,717487.868315,1606472.321844,123.908173
8right01320.JPG,717487.787223,1606472.274928,123.915848
8back01321.JPG,717480.689471,1606484.344850,123.835565
8down01321.JPG,717480.666282,1606484.379052,123.802002
8front01321.JPG,717480.641914,1606484.423845,123.817289
8left01321.JPG,717480.706218,1606484.407795,123.822322
8right01321.JPG,717480.625166,1606484.360900,123.830532
8back01322.JPG,717473.234117,1606497.469805,123.469066
8down01322.JPG,717473.210960,1606497.503906,123.435378
8front01322.JPG,717473.186450,1606497.548672,123.450520
8left01322.JPG,717473.250773,1606497.532765,123.455776
8right01322.JPG,717473.169795,1606497.485712,123.463811
8back01332.JPG,717498.627084,1606498.231603,123.481085
8down01332.JPG,717498.646985,1606498.194726,123.448252
8front01332.JPG,717498.674072,1606498.151889,123.464539
8left01332.JPG,717498.610435,1606498.167477,123.475740
8right01332.JPG,717498.690720,1606498.216015,123.469885
8back01333.JPG,717506.151911,1606485.756918,123.777724
8down01333.JPG,717506.172453,1606485.719407,123.746023
8front01333.JPG,717506.199209,1606485.676907,123.763683
8left01333.JPG,717506.135366,1606485.692693,123.773316
8right01333.JPG,717506.215755,1606485.741132,123.768090
8back01334.JPG,717513.547644,1606473.383757,124.059583
8down01334.JPG,717513.567713,1606473.346675,124.027085
8front01334.JPG,717513.594605,1606473.303875,124.043788
8left01334.JPG,717513.530918,1606473.319633,124.054451
8right01334.JPG,717513.611331,1606473.367999,124.048920
8back01335.JPG,717521.018131,1606460.072654,124.243344
8down01335.JPG,717521.037944,1606460.036193,124.209997
8front01335.JPG,717521.064873,1606459.993034,124.225685
8left01335.JPG,717521.001277,1606460.008668,124.237050
8right01335.JPG,717521.081727,1606460.057021,124.231979
8back01336.JPG,717529.185065,1606446.564248,124.259445
8down01336.JPG,717529.204607,1606446.528339,124.225347
8front01336.JPG,717529.231591,1606446.484890,124.240115
8left01336.JPG,717529.168093,1606446.500396,124.252178
8right01336.JPG,717529.248564,1606446.548743,124.247382
8back01337.JPG,717537.048754,1606433.120928,124.326165
8down01337.JPG,717537.068730,1606433.084266,124.293137
8front01337.JPG,717537.095596,1606433.041212,124.309218
8left01337.JPG,717537.031944,1606433.056899,124.320190
8right01337.JPG,717537.112405,1606433.105241,124.315193
8back01338.JPG,717544.094510,1606421.097585,124.376354
8down01338.JPG,717544.113776,1606421.061153,124.342656
8front01338.JPG,717544.140787,1606421.017879,124.357878
8left01338.JPG,717544.077392,1606421.033662,124.370122
8right01338.JPG,717544.157905,1606421.081802,124.364110
8back01339.JPG,717551.870096,1606408.123254,124.513337
8down01339.JPG,717551.889146,1606408.087074,124.479247
8front01339.JPG,717551.916263,1606408.043695,124.493973
8left01339.JPG,717551.852947,1606408.059375,124.506749
8right01339.JPG,717551.933412,1606408.107574,124.500561
8back01340.JPG,717559.189205,1606395.159710,124.594073
8down01340.JPG,717559.208320,1606395.123897,124.559634
8front01340.JPG,717559.235472,1606395.080399,124.573944
8left01340.JPG,717559.172129,1606395.095882,124.586826
8right01340.JPG,717559.252547,1606395.144226,124.581191
8back01341.JPG,717567.652540,1606380.897580,124.630047
8down01341.JPG,717567.672373,1606380.861037,124.596801
8front01341.JPG,717567.699293,1606380.817917,124.612612
8left01341.JPG,717567.635690,1606380.833578,124.623900
8right01341.JPG,717567.716143,1606380.881919,124.618759
8back01342.JPG,717574.868585,1606368.347103,124.705937
8down01342.JPG,717574.888396,1606368.310662,124.672566
8front01342.JPG,717574.915355,1606368.267511,124.688224
8left01342.JPG,717574.851758,1606368.283110,124.699632
8right01342.JPG,717574.932182,1606368.331504,124.694529
8back01343.JPG,717582.652235,1606356.453258,124.735315
8down01343.JPG,717582.671762,1606356.416723,124.701880
8front01343.JPG,717582.698840,1606356.373607,124.717432
8left01343.JPG,717582.635343,1606356.389252,124.729321
8right01343.JPG,717582.715732,1606356.437613,124.723426
8back01344.JPG,717589.818693,1606343.934924,124.800557
8down01344.JPG,717589.838290,1606343.898840,124.766675
8front01344.JPG,717589.865351,1606343.855529,124.781702
8left01344.JPG,717589.801828,1606343.870999,124.793683
8right01344.JPG,717589.882215,1606343.919453,124.788576
8back01345.JPG,717598.345389,1606329.587387,124.827757
8down01345.JPG,717598.365266,1606329.550518,124.794900
8front01345.JPG,717598.392180,1606329.507565,124.811170
8left01345.JPG,717598.328561,1606329.523322,124.822233
8right01345.JPG,717598.409007,1606329.571630,124.816693
8back01346.JPG,717604.959358,1606317.814230,124.914780
8down01346.JPG,717604.979024,1606317.777716,124.881403
8front01346.JPG,717605.005992,1606317.734564,124.897043
8left01346.JPG,717604.942448,1606317.750243,124.908633
8right01346.JPG,717605.022902,1606317.798550,124.903190
8down01347.JPG,717612.070733,1606305.349276,124.901829
8left01347.JPG,717612.034159,1606305.321656,124.928912
8back01347.JPG,717612.051110,1606305.385593,124.935444
8front01347.JPG,717612.097687,1606305.306012,124.917184
8right01347.JPG,717612.114637,1606305.369950,124.923716
8back01348.JPG,717620.611228,1606291.334322,124.901888
8down01348.JPG,717620.630662,1606291.298587,124.867547
8front01348.JPG,717620.657769,1606291.255110,124.882003
8left01348.JPG,717620.594305,1606291.270480,124.894419
8right01348.JPG,717620.674691,1606291.318953,124.889472
8back01349.JPG,717628.098444,1606279.177719,124.858320
8down01349.JPG,717628.118301,1606279.141331,124.824919
8front01349.JPG,717628.145196,1606279.098130,124.840550
8left01349.JPG,717628.081586,1606279.113751,124.851850
8right01349.JPG,717628.162054,1606279.162098,124.847019
8back01350.JPG,717635.461748,1606266.328361,124.764989
8down01350.JPG,717635.481496,1606266.292203,124.731276
8front01350.JPG,717635.508551,1606266.248962,124.746516
8left01350.JPG,717635.444973,1606266.264400,124.758240
8right01350.JPG,717635.525326,1606266.312923,124.753266
8left01351.JPG,717643.039822,1606253.051418,124.766563
8back01351.JPG,717643.056800,1606253.115325,124.773321
8down01351.JPG,717643.076278,1606253.079166,124.739451
8front01351.JPG,717643.103298,1606253.035832,124.754486
8right01351.JPG,717643.120276,1606253.099739,124.761244
8back01352.JPG,717650.490982,1606240.440010,124.838844
8down01352.JPG,717650.510286,1606240.403942,124.804778
8front01352.JPG,717650.537303,1606240.360520,124.819564
8left01352.JPG,717650.473893,1606240.376150,124.831930
8right01352.JPG,717650.554392,1606240.424381,124.826478
8back01353.JPG,717658.278881,1606226.836247,124.551102
8down01353.JPG,717658.298717,1606226.799814,124.517738
8front01353.JPG,717658.325636,1606226.756642,124.533410
8left01353.JPG,717658.262031,1606226.772266,124.544742
8right01353.JPG,717658.342485,1606226.820624,124.539770
8back01354.JPG,717665.528266,1606214.552567,124.614015
8down01354.JPG,717665.548070,1606214.516470,124.580268
8front01354.JPG,717665.575053,1606214.473173,124.595478
8left01354.JPG,717665.511457,1606214.488635,124.607076
8right01354.JPG,717665.591861,1606214.537106,124.602416
8back01355.JPG,717673.278960,1606201.944012,124.486735
8down01355.JPG,717673.298867,1606201.908188,124.452759
8front01355.JPG,717673.325640,1606201.864671,124.467709
8left01355.JPG,717673.262018,1606201.880197,124.479078
8right01355.JPG,717673.342581,1606201.928486,124.475365
8back01356.JPG,717680.754142,1606188.792299,124.382284
8down01356.JPG,717680.773686,1606188.756548,124.348022
8front01356.JPG,717680.800618,1606188.713001,124.362591
8left01356.JPG,717680.737122,1606188.728499,124.374673
8right01356.JPG,717680.817639,1606188.776800,124.370202
8back01357.JPG,717688.840910,1606174.938082,124.579903
8down01357.JPG,717688.860785,1606174.901551,124.546670
8front01357.JPG,717688.887486,1606174.858306,124.562511
8left01357.JPG,717688.823881,1606174.874150,124.573526
8right01357.JPG,717688.904515,1606174.922239,124.568888
8back01358.JPG,717695.823520,1606164.361587,124.362558
8down01358.JPG,717695.842981,1606164.325034,124.329105
8front01358.JPG,717695.869887,1606164.281806,124.344641
8left01358.JPG,717695.806423,1606164.297648,124.356446
8right01358.JPG,717695.886984,1606164.345746,124.350754
8down01359.JPG,717705.876793,1606150.997916,123.691916
8front01359.JPG,717705.903983,1606150.954382,123.706042
8left01359.JPG,717705.840876,1606150.970146,123.719714
8right01359.JPG,717705.921379,1606151.018178,123.712784
8back01359.JPG,717705.858272,1606151.033942,123.726457
8back01360.JPG,717712.352960,1606139.731211,123.856971
8down01360.JPG,717712.371503,1606139.695065,123.822567
8front01360.JPG,717712.399017,1606139.651781,123.836830
8left01360.JPG,717712.335894,1606139.667274,123.850738
8right01360.JPG,717712.416083,1606139.715717,123.843063
8back01414.JPG,717720.347338,1606166.547186,124.085679
8down01414.JPG,717720.325272,1606166.580080,124.050111
8front01414.JPG,717720.300674,1606166.625534,124.062874
8left01414.JPG,717720.364736,1606166.609490,124.070398
8right01414.JPG,717720.283276,1606166.563229,124.078154
8back01415.JPG,717716.854109,1606172.772058,124.355226
8down01415.JPG,717716.830662,1606172.806672,124.322270
8front01415.JPG,717716.806467,1606172.851302,124.338294
8left01415.JPG,717716.870798,1606172.835142,124.342580
8right01415.JPG,717716.789778,1606172.788219,124.350940
8back01416.JPG,717709.146379,1606187.017405,124.305543
8down01416.JPG,717709.123064,1606187.051758,124.272222
8front01416.JPG,717709.098892,1606187.096562,124.287789
8left01416.JPG,717709.163189,1606187.080351,124.292383
8right01416.JPG,717709.082082,1606187.033615,124.300949
8back01417.JPG,717701.198374,1606198.596829,124.433125
8down01417.JPG,717701.175180,1606198.631183,124.399721
8front01417.JPG,717701.151015,1606198.676023,124.415195
8left01417.JPG,717701.215284,1606198.659748,124.419962
8right01417.JPG,717701.134106,1606198.613104,124.428358
8back01418.JPG,717692.003532,1606211.851752,124.420543
8down01418.JPG,717691.981262,1606211.885796,124.386206
8front01418.JPG,717691.956517,1606211.930673,124.400619
8left01418.JPG,717692.020657,1606211.914625,124.407441
8right01418.JPG,717691.939392,1606211.867800,124.413720
8back01419.JPG,717686.632684,1606225.209946,124.618654
8down01419.JPG,717686.609583,1606225.244473,124.585364
8front01419.JPG,717686.585249,1606225.289160,124.601015
8left01419.JPG,717686.649527,1606225.272986,124.605991
8right01419.JPG,717686.568406,1606225.226121,124.613678
8back01420.JPG,717679.395807,1606237.333891,124.852227
8down01420.JPG,717679.372723,1606237.368255,124.818757
8front01420.JPG,717679.348342,1606237.412995,124.834182
8left01420.JPG,717679.412625,1606237.396885,124.839304
8right01420.JPG,717679.331525,1606237.350002,124.847105
8back01421.JPG,717671.435585,1606250.849579,124.877257
8down01421.JPG,717671.412668,1606250.883288,124.843016
8front01421.JPG,717671.388174,1606250.928294,124.857456
8left01421.JPG,717671.452436,1606250.912329,124.863243
8right01421.JPG,717671.371322,1606250.865544,124.871470
8back01422.JPG,717663.601669,1606263.041993,124.976820
8down01422.JPG,717663.578908,1606263.075713,124.942485
8front01422.JPG,717663.554165,1606263.120608,124.956844
8left01422.JPG,717663.618431,1606263.104828,124.963080
8right01422.JPG,717663.537403,1606263.057773,124.970584
8back01423.JPG,717656.153573,1606276.705286,124.770944
8down01423.JPG,717656.130052,1606276.739269,124.737390
8front01423.JPG,717656.105778,1606276.784129,124.752632
8left01423.JPG,717656.170141,1606276.768168,124.757183
8right01423.JPG,717656.089211,1606276.721247,124.766394
8back01424.JPG,717648.784008,1606289.114088,124.802325
8down01424.JPG,717648.760769,1606289.148201,124.768706
8front01424.JPG,717648.736360,1606289.192999,124.783917
8left01424.JPG,717648.800684,1606289.177026,124.788955
8right01424.JPG,717648.719684,1606289.130061,124.797288
8back01425.JPG,717640.514102,1606301.884310,125.024695
8down01425.JPG,717640.491039,1606301.918598,124.991132
8front01425.JPG,717640.466639,1606301.963367,125.006440
8left01425.JPG,717640.530920,1606301.947278,125.011650
8right01425.JPG,717640.449821,1606301.900399,125.019485
8back01426.JPG,717633.300459,1606314.728861,125.004859
8down01426.JPG,717633.277587,1606314.762292,124.970315
8front01426.JPG,717633.252989,1606314.807364,124.984366
8left01426.JPG,717633.317258,1606314.791535,124.990442
8right01426.JPG,717633.236190,1606314.744690,124.998783
8back01427.JPG,717626.316877,1606327.645879,124.947396
8down01427.JPG,717626.293266,1606327.679895,124.913939
8front01427.JPG,717626.269187,1606327.724829,124.929272
8left01427.JPG,717626.333531,1606327.708707,124.933497
8right01427.JPG,717626.252532,1606327.662001,124.943172
8back01428.JPG,717617.347481,1606340.236785,125.087505
8down01428.JPG,717617.324288,1606340.271238,125.054203
8front01428.JPG,717617.299924,1606340.315917,125.069829
8left01428.JPG,717617.364229,1606340.299827,125.074731
8right01428.JPG,717617.283177,1606340.252875,125.082604
8back01429.JPG,717609.733331,1606354.121767,124.855349
8down01429.JPG,717609.710590,1606354.155805,124.821316
8front01429.JPG,717609.686099,1606354.200716,124.836055
8left01429.JPG,717609.750318,1606354.184615,124.841948
8right01429.JPG,717609.669112,1606354.137868,124.849456
8back01430.JPG,717602.795942,1606366.640759,124.802047
8down01430.JPG,717602.773472,1606366.674693,124.767731
8front01430.JPG,717602.748633,1606366.719514,124.782158
8left01430.JPG,717602.812840,1606366.703667,124.788817
8right01430.JPG,717602.731735,1606366.656606,124.795388
8back01431.JPG,717595.870302,1606379.457753,124.571321
8down01431.JPG,717595.847278,1606379.492080,124.537771
8front01431.JPG,717595.822835,1606379.536817,124.553105
8left01431.JPG,717595.887114,1606379.520747,124.558393
8right01431.JPG,717595.806023,1606379.473823,124.566033
8back01432.JPG,717587.824983,1606392.209296,124.587411
8down01432.JPG,717587.801972,1606392.243712,124.553944
8front01432.JPG,717587.777426,1606392.288352,124.569398
8left01432.JPG,717587.841720,1606392.272365,124.574756
8right01432.JPG,717587.760689,1606392.225283,124.582053
8back01433.JPG,717579.744897,1606404.863542,124.677101
8down01433.JPG,717579.721828,1606404.897873,124.643586
8front01433.JPG,717579.697355,1606404.942579,124.658963
8left01433.JPG,717579.761650,1606404.926559,124.664209
8right01433.JPG,717579.680602,1606404.879562,124.671855
8back01434.JPG,717572.117508,1606418.527227,124.469254
8down01434.JPG,717572.094661,1606418.560460,124.434503
8front01434.JPG,717572.069991,1606418.605576,124.448286
8left01434.JPG,717572.134266,1606418.589845,124.454551
8right01434.JPG,717572.053233,1606418.542958,124.462988
8back01435.JPG,717563.993464,1606431.793288,124.306089
8down01435.JPG,717563.970405,1606431.827284,124.272228
8front01435.JPG,717563.945973,1606431.872167,124.287147
8left01435.JPG,717564.010258,1606431.856154,124.292530
8right01435.JPG,717563.929178,1606431.809301,124.300706
8back01436.JPG,717557.024168,1606444.325701,124.266998
8down01436.JPG,717557.001357,1606444.360003,124.233279
8front01436.JPG,717556.976883,1606444.404789,124.248419
8left01436.JPG,717557.041116,1606444.388658,124.254067
8right01436.JPG,717556.959935,1606444.341832,124.261350
8back01437.JPG,717548.908414,1606457.548587,124.191130
8down01437.JPG,717548.885770,1606457.582741,124.157149
8front01437.JPG,717548.861007,1606457.627468,124.171992
8left01437.JPG,717548.925247,1606457.611579,124.178221
8right01437.JPG,717548.844175,1606457.564476,124.184901
8back01438.JPG,717542.541360,1606469.253428,124.032553
8down01438.JPG,717542.518263,1606469.287545,123.998840
8front01438.JPG,717542.493799,1606469.332346,124.013954
8left01438.JPG,717542.558099,1606469.316364,124.019251
8right01438.JPG,717542.477060,1606469.269410,124.027256
8back01439.JPG,717534.887967,1606482.298930,123.890258
8down01439.JPG,717534.864647,1606482.333486,123.857151
8front01439.JPG,717534.840387,1606482.378141,123.873004
8left01439.JPG,717534.904701,1606482.361994,123.877571
8right01439.JPG,717534.823652,1606482.315078,123.885691
8back01440.JPG,717526.998085,1606495.150879,123.735853
8down01440.JPG,717526.974464,1606495.185638,123.703176
8front01440.JPG,717526.950466,1606495.230261,123.719515
8left01440.JPG,717527.014797,1606495.213973,123.723287
8right01440.JPG,717526.933754,1606495.167167,123.732082
8back01441.JPG,717519.038324,1606508.690263,123.516824
8down01441.JPG,717519.014964,1606508.724253,123.483164
8front01441.JPG,717518.990672,1606508.769142,123.498292
8left01441.JPG,717519.055002,1606508.753124,123.503099
8right01441.JPG,717518.973994,1606508.706281,123.512017
8back01442.JPG,717511.949539,1606521.032064,123.379953
8down01442.JPG,717511.926176,1606521.065894,123.346135
8front01442.JPG,717511.901696,1606521.110744,123.361073
8left01442.JPG,717511.966061,1606521.094942,123.366120
8right01442.JPG,717511.885174,1606521.047866,123.374906
8back01451.JPG,717531.545115,1606531.629237,122.952540
8down01451.JPG,717531.562661,1606531.594066,122.916635
8front01451.JPG,717531.590070,1606531.550124,122.928957
8left01451.JPG,717531.527371,1606531.565674,122.944610
8right01451.JPG,717531.607815,1606531.613687,122.936887
8back01452.JPG,717538.313177,1606519.959811,123.344646
8down01452.JPG,717538.333825,1606519.922830,123.312395
8front01452.JPG,717538.361099,1606519.880393,123.329402
8left01452.JPG,717538.297187,1606519.895487,123.339672
8right01452.JPG,717538.377089,1606519.944717,123.334376
8back01453.JPG,717545.344577,1606507.501931,123.624608
8down01453.JPG,717545.365526,1606507.464746,123.592789
8front01453.JPG,717545.392460,1606507.422310,123.610332
8left01453.JPG,717545.328466,1606507.437630,123.619720
8right01453.JPG,717545.408570,1606507.486610,123.615220
8back01454.JPG,717553.907262,1606494.202113,123.712117
8down01454.JPG,717553.927490,1606494.164887,123.679883
8front01454.JPG,717553.954378,1606494.122209,123.696902
8left01454.JPG,717553.890635,1606494.137942,123.707262
8right01454.JPG,717553.971005,1606494.186381,123.701757
8back01455.JPG,717561.660099,1606482.184261,123.799831
8down01455.JPG,717561.679453,1606482.147714,123.766309
8front01455.JPG,717561.706407,1606482.104482,123.781751
8left01455.JPG,717561.642981,1606482.120323,123.793759
8right01455.JPG,717561.723525,1606482.168420,123.787824
8back01456.JPG,717569.058738,1606468.170727,124.001976
8down01456.JPG,717569.078255,1606468.133683,123.969100
8front01456.JPG,717569.104979,1606468.090597,123.985330
8left01456.JPG,717569.041503,1606468.106755,123.996633
8right01456.JPG,717569.122214,1606468.154569,123.990673
8back01457.JPG,717577.030448,1606455.085633,124.155659
8down01457.JPG,717577.049723,1606455.048628,124.122597
8front01457.JPG,717577.076759,1606455.005639,124.138565
8left01457.JPG,717577.013359,1606455.021603,124.150550
8right01457.JPG,717577.093848,1606455.069669,124.143674
8back01458.JPG,717584.393760,1606441.978225,124.396813
8down01458.JPG,717584.413280,1606441.941489,124.363595
8front01458.JPG,717584.440225,1606441.898386,124.379411
8left01458.JPG,717584.376737,1606441.914230,124.391083
8right01458.JPG,717584.457249,1606441.962382,124.385142
8back01459.JPG,717591.729563,1606429.057871,124.539705
8down01459.JPG,717591.749493,1606429.021911,124.505887
8front01459.JPG,717591.776337,1606428.978503,124.521025
8left01459.JPG,717591.712703,1606428.993997,124.532369
8right01459.JPG,717591.793197,1606429.042377,124.528361
8back01460.JPG,717598.951014,1606417.565959,124.583524
8down01460.JPG,717598.970910,1606417.529826,124.549871
8front01460.JPG,717598.998008,1606417.486641,124.565191
8left01460.JPG,717598.934373,1606417.501965,124.576756
8right01460.JPG,717599.014649,1606417.550635,124.571959
8back01461.JPG,717606.685948,1606404.434270,124.661791
8down01461.JPG,717606.706436,1606404.398113,124.628520
8front01461.JPG,717606.733315,1606404.354973,124.644345
8left01461.JPG,717606.669482,1606404.370251,124.654829
8right01461.JPG,717606.749781,1606404.418991,124.651307
8down01462.JPG,717614.701795,1606391.432520,124.536419
8left01462.JPG,717614.665174,1606391.404559,124.563084
8right01462.JPG,717614.745833,1606391.452618,124.558570
8back01462.JPG,717614.682398,1606391.468299,124.570736
8front01462.JPG,717614.728610,1606391.388877,124.550919
8back01463.JPG,717622.644830,1606378.012000,124.559008
8down01463.JPG,717622.663384,1606377.976175,124.524276
8front01463.JPG,717622.690579,1606377.932571,124.538172
8left01463.JPG,717622.627458,1606377.948238,124.551895
8right01463.JPG,717622.707951,1606377.996333,124.545286
8back01464.JPG,717629.983467,1606364.373097,124.745986
8down01464.JPG,717630.002313,1606364.336594,124.712129
8front01464.JPG,717630.029347,1606364.293253,124.727120
8left01464.JPG,717629.966114,1606364.309218,124.739954
8right01464.JPG,717630.046700,1606364.357132,124.733152
8back01465.JPG,717637.065197,1606352.600713,124.790748
8down01465.JPG,717637.083720,1606352.564255,124.756664
8front01465.JPG,717637.111081,1606352.521005,124.771322
8left01465.JPG,717637.047969,1606352.536777,124.784963
8right01465.JPG,717637.128310,1606352.584940,124.777107
8back01466.JPG,717645.554689,1606339.306495,124.767590
8down01466.JPG,717645.573519,1606339.270188,124.733513
8front01466.JPG,717645.600931,1606339.226984,124.748210
8left01466.JPG,717645.537693,1606339.242523,124.761535
8right01466.JPG,717645.617926,1606339.290956,124.754265
8back01467.JPG,717652.403444,1606327.041424,124.892546
8down01467.JPG,717652.422607,1606327.005380,124.858374
8front01467.JPG,717652.449900,1606326.962077,124.873000
8left01467.JPG,717652.386534,1606326.977492,124.885852
8right01467.JPG,717652.466810,1606327.026009,124.879694
8back01468.JPG,717660.839976,1606312.144651,125.084356
8down01468.JPG,717660.858965,1606312.108048,125.050686
8front01468.JPG,717660.886167,1606312.064890,125.065899
8left01468.JPG,717660.822872,1606312.080675,125.078651
8right01468.JPG,717660.903271,1606312.128866,125.071604
8back01469.JPG,717667.153298,1606300.960027,125.149380
8down01469.JPG,717667.171598,1606300.923685,125.115052
8front01469.JPG,717667.198922,1606300.880308,125.129398
8left01469.JPG,717667.135903,1606300.896157,125.143374
8right01469.JPG,717667.216317,1606300.944178,125.135404
8back01470.JPG,717675.198428,1606286.663991,125.145270
8down01470.JPG,717675.217121,1606286.627852,125.110940
8front01470.JPG,717675.244524,1606286.584536,125.125320
8left01470.JPG,717675.181342,1606286.600072,125.138907
8right01470.JPG,717675.261610,1606286.648455,125.131682
8back01471.JPG,717682.684313,1606274.490523,125.068463
8down01471.JPG,717682.703413,1606274.454426,125.034314
8front01471.JPG,717682.730773,1606274.411170,125.048955
8left01471.JPG,717682.667430,1606274.426568,125.061938
8right01471.JPG,717682.747657,1606274.475126,125.055480
8back01472.JPG,717691.444260,1606261.052050,124.989742
8down01472.JPG,717691.463655,1606261.015755,124.955970
8front01472.JPG,717691.490896,1606260.972592,124.971099
8left01472.JPG,717691.427442,1606260.988053,124.983451
8right01472.JPG,717691.507714,1606261.036589,124.977389
8back01473.JPG,717698.084331,1606249.027697,124.918967
8down01473.JPG,717698.103954,1606248.991380,124.885352
8front01473.JPG,717698.131231,1606248.948311,124.900684
8left01473.JPG,717698.067689,1606248.963649,124.912735
8right01473.JPG,717698.147873,1606249.012360,124.906916
8down01474.JPG,717706.272905,1606235.977669,124.822313
8left01474.JPG,717706.236821,1606235.949815,124.849810
8right01474.JPG,717706.317106,1606235.998313,124.843622
8back01474.JPG,717706.253739,1606236.013751,124.856441
8front01474.JPG,717706.300188,1606235.934377,124.836992
8back01475.JPG,717713.108201,1606223.213189,124.821679
8down01475.JPG,717713.127454,1606223.177462,124.787227
8front01475.JPG,717713.154575,1606223.133945,124.801534
8left01475.JPG,717713.091181,1606223.149371,124.814229
8right01475.JPG,717713.171596,1606223.197763,124.808984
8back01476.JPG,717720.470562,1606210.166939,124.795191
8down01476.JPG,717720.489877,1606210.131064,124.760929
8front01476.JPG,717720.516875,1606210.087551,124.775479
8left01476.JPG,717720.453462,1606210.103124,124.787897
8right01476.JPG,717720.533975,1606210.151366,124.782773
8back01477.JPG,717728.963757,1606196.759099,124.521345
8down01477.JPG,717728.982996,1606196.722966,124.487311
8front01477.JPG,717729.010052,1606196.679579,124.502127
8left01477.JPG,717728.946665,1606196.695222,124.514594
8right01477.JPG,717729.027144,1606196.743456,124.508878
8back01478.JPG,717736.070617,1606184.156295,124.428108
8down01478.JPG,717736.089798,1606184.120544,124.393641
8front01478.JPG,717736.116880,1606184.076995,124.407926
8left01478.JPG,717736.053515,1606184.092496,124.420675
8right01478.JPG,717736.133983,1606184.140793,124.415359
8back01479.JPG,717743.849314,1606171.224634,124.376344
8down01479.JPG,717743.868759,1606171.189022,124.341881
8front01479.JPG,717743.895767,1606171.145437,124.356195
8left01479.JPG,717743.832303,1606171.160853,124.368554
8right01479.JPG,717743.912777,1606171.209217,124.363985
8back01480.JPG,717753.052051,1606157.465242,123.814386
8down01480.JPG,717753.071078,1606157.429407,123.779921
8front01480.JPG,717753.098123,1606157.385833,123.794199
8left01480.JPG,717753.034819,1606157.401462,123.807094
8right01480.JPG,717753.115356,1606157.449612,123.801491
8back01534.JPG,717764.730923,1606181.755594,124.123503
8down01534.JPG,717764.707301,1606181.790202,124.090665
8front01534.JPG,717764.683226,1606181.834854,124.106807
8left01534.JPG,717764.747572,1606181.818661,124.110722
8right01534.JPG,717764.666577,1606181.771787,124.119587
8back01535.JPG,717756.492688,1606194.200659,124.762039
8down01535.JPG,717756.469186,1606194.235780,124.729663
8front01535.JPG,717756.445143,1606194.280228,124.746406
8left01535.JPG,717756.509457,1606194.263882,124.750219
8right01535.JPG,717756.428374,1606194.217005,124.758227
8back01536.JPG,717748.895306,1606208.688295,124.852710
8down01536.JPG,717748.872319,1606208.723345,124.819891
8front01536.JPG,717748.848217,1606208.767944,124.836139
8left01536.JPG,717748.912425,1606208.751410,124.840817
8right01536.JPG,717748.831098,1606208.704829,124.848033
8back01537.JPG,717741.164280,1606223.190405,124.511913
8down01537.JPG,717741.141253,1606223.224201,124.477831
8front01537.JPG,717741.116698,1606223.269108,124.492475
8left01537.JPG,717741.180998,1606223.253238,124.498110
8right01537.JPG,717741.099981,1606223.206274,124.506278
8back01538.JPG,717734.201120,1606234.728492,124.919788
8down01538.JPG,717734.177559,1606234.763389,124.887212
8front01538.JPG,717734.153400,1606234.807867,124.903707
8left01538.JPG,717734.217749,1606234.791692,124.907650
8right01538.JPG,717734.136770,1606234.744667,124.915844
8back01539.JPG,717726.321321,1606247.664687,124.971100
8down01539.JPG,717726.297925,1606247.699760,124.938596
8front01539.JPG,717726.273927,1606247.744289,124.955186
8left01539.JPG,717726.338209,1606247.727852,124.959142
8right01539.JPG,717726.257039,1606247.681125,124.967145
8back01540.JPG,717718.454127,1606258.587567,125.534578
8down01540.JPG,717718.430756,1606258.622782,125.502209
8front01540.JPG,717718.406484,1606258.667087,125.518998
8left01540.JPG,717718.470812,1606258.650888,125.523173
8right01540.JPG,717718.389798,1606258.603767,125.530402
8back01541.JPG,717711.160714,1606272.005854,125.300542
8down01541.JPG,717711.137720,1606272.040550,125.267353
8front01541.JPG,717711.113339,1606272.085159,125.283153
8left01541.JPG,717711.177600,1606272.068955,125.288250
8right01541.JPG,717711.096453,1606272.022058,125.295444
8back01542.JPG,717702.994490,1606286.428061,125.362013
8down01542.JPG,717702.971140,1606286.463071,125.329409
8front01542.JPG,717702.946841,1606286.507471,125.345905
8left01542.JPG,717703.011170,1606286.491316,125.350238
8right01542.JPG,717702.930162,1606286.444217,125.357680
8back01543.JPG,717695.171895,1606299.352280,125.371462
8down01543.JPG,717695.148686,1606299.387288,125.338755
8front01543.JPG,717695.124376,1606299.431725,125.355139
8left01543.JPG,717695.188675,1606299.415510,125.359694
8right01543.JPG,717695.107596,1606299.368496,125.366907
8back01544.JPG,717687.063146,1606312.290550,125.388852
8down01544.JPG,717687.040320,1606312.325124,125.355420
8front01544.JPG,717687.015835,1606312.369775,125.370933
8left01544.JPG,717687.080073,1606312.353617,125.376440
8right01544.JPG,717686.998907,1606312.306709,125.383345
8back01545.JPG,717679.506532,1606325.052854,125.332735
8down01545.JPG,717679.483649,1606325.086872,125.298777
8front01545.JPG,717679.458884,1606325.131596,125.313622
8left01545.JPG,717679.523183,1606325.115839,125.319560
8right01545.JPG,717679.442232,1606325.068611,125.326797
8back01546.JPG,717671.530269,1606338.058355,125.424687
8down01546.JPG,717671.507264,1606338.092507,125.390947
8front01546.JPG,717671.482746,1606338.137285,125.406041
8left01546.JPG,717671.547034,1606338.121309,125.411508
8right01546.JPG,717671.465981,1606338.074330,125.419220
8back01547.JPG,717663.994440,1606350.738438,125.545092
8down01547.JPG,717663.971251,1606350.773005,125.511905
8front01547.JPG,717663.946986,1606350.817689,125.527671
8left01547.JPG,717664.011272,1606350.801481,125.532435
8right01547.JPG,717663.930154,1606350.754646,125.540329
8back01548.JPG,717656.269623,1606364.241535,125.239926
8down01548.JPG,717656.246412,1606364.275498,125.206137
8front01548.JPG,717656.221681,1606364.320183,125.221161
8left01548.JPG,717656.286055,1606364.304546,125.226598
8right01548.JPG,717656.205250,1606364.257172,125.234488
8back01549.JPG,717648.592441,1606378.049901,124.829818
8down01549.JPG,717648.569272,1606378.083589,124.795726
8front01549.JPG,717648.544835,1606378.128575,124.810324
8left01549.JPG,717648.609147,1606378.112664,124.815689
8right01549.JPG,717648.528129,1606378.065812,124.824453
8back01550.JPG,717641.017557,1606390.840702,124.916566
8down01550.JPG,717640.994300,1606390.874774,124.882917
8front01550.JPG,717640.969978,1606390.919635,124.898078
8left01550.JPG,717641.034290,1606390.903589,124.903028
8right01550.JPG,717640.953246,1606390.856749,124.911615
8back01551.JPG,717633.023378,1606403.154828,125.077627
8down01551.JPG,717632.999961,1606403.188826,125.044015
8front01551.JPG,717632.975581,1606403.233645,125.059208
8left01551.JPG,717633.039940,1606403.217742,125.064005
8right01551.JPG,717632.959019,1606403.170731,125.072830
8back01552.JPG,717624.950128,1606415.377350,125.310311
8down01552.JPG,717624.926932,1606415.411537,125.276739
8front01552.JPG,717624.902415,1606415.456249,125.292028
8left01552.JPG,717624.966748,1606415.440355,125.297190
8right01552.JPG,717624.885795,1606415.393245,125.305150
8back01553.JPG,717623.081237,1606428.915312,123.246398
8down01553.JPG,717623.056668,1606428.949134,123.213437
8front01553.JPG,717623.033061,1606428.994172,123.229192
8left01553.JPG,717623.097497,1606428.978046,123.231632
8right01553.JPG,717623.016801,1606428.931438,123.243958
8back01554.JPG,717610.902238,1606441.478019,124.677888
8down01554.JPG,717610.879057,1606441.511673,124.643770
8front01554.JPG,717610.854658,1606441.556693,124.658328
8left01554.JPG,717610.918967,1606441.540754,124.663657
8right01554.JPG,717610.837930,1606441.493958,124.672559
8back01555.JPG,717603.041087,1606454.558575,124.626546
8down01555.JPG,717603.017584,1606454.593135,124.593574
8front01555.JPG,717602.993471,1606454.637822,124.609561
8left01555.JPG,717603.057798,1606454.621615,124.613715
8right01555.JPG,717602.976759,1606454.574782,124.622392
8back01556.JPG,717595.564827,1606468.001978,124.184699
8down01556.JPG,717595.541093,1606468.036211,124.151551
8front01556.JPG,717595.517052,1606468.081033,124.167268
8left01556.JPG,717595.581415,1606468.064905,124.171168
8right01556.JPG,717595.500464,1606468.018106,124.180799
8back01557.JPG,717588.320888,1606479.858007,124.172579
8down01557.JPG,717588.297771,1606479.891759,124.138515
8front01557.JPG,717588.273424,1606479.936782,124.153149
8left01557.JPG,717588.337708,1606479.920748,124.158483
8right01557.JPG,717588.256605,1606479.874042,124.167245
8back01558.JPG,717580.296760,1606494.071287,123.954382
8down01558.JPG,717580.273526,1606494.105470,123.920831
8front01558.JPG,717580.249270,1606494.150326,123.936118
8left01558.JPG,717580.313565,1606494.134185,123.940989
8right01558.JPG,717580.232466,1606494.087427,123.949511
8back01559.JPG,717573.712083,1606505.419458,123.844035
8down01559.JPG,717573.688515,1606505.453685,123.810763
8front01559.JPG,717573.664366,1606505.498493,123.826356
8left01559.JPG,717573.728715,1606505.482395,123.830606
8right01559.JPG,717573.647735,1606505.435556,123.839785
8back01560.JPG,717564.605146,1606518.877458,124.032842
8down01560.JPG,717564.582394,1606518.911873,123.999197
8front01560.JPG,717564.557815,1606518.956563,124.014451
8left01560.JPG,717564.622051,1606518.940491,124.020228
8right01560.JPG,717564.540910,1606518.893530,124.027064
8back01561.JPG,717557.370808,1606532.208151,123.788303
8down01561.JPG,717557.347785,1606532.242527,123.754804
8front01561.JPG,717557.323284,1606532.287208,123.770209
8left01561.JPG,717557.387573,1606532.271188,123.775527
8right01561.JPG,717557.306519,1606532.224171,123.782985
8back01562.JPG,717550.166390,1606544.247882,123.597638
8down01562.JPG,717550.143445,1606544.281601,123.563425
8front01562.JPG,717550.118921,1606544.326579,123.577902
8left01562.JPG,717550.183195,1606544.310655,123.583667
8right01562.JPG,717550.102116,1606544.263806,123.591873
8back01572.JPG,717577.697838,1606542.560189,123.721294
8down01572.JPG,717577.718100,1606542.522597,123.689508
8front01572.JPG,717577.745083,1606542.480185,123.707034
8left01572.JPG,717577.681323,1606542.495932,123.717265
8right01572.JPG,717577.761599,1606542.544443,123.711063
8back01573.JPG,717585.947908,1606529.371590,123.920792
8down01573.JPG,717585.968323,1606529.334205,123.888861
8front01573.JPG,717585.995284,1606529.291718,123.906236
8left01573.JPG,717585.931471,1606529.307342,123.916325
8right01573.JPG,717586.011721,1606529.355966,123.910704
8back01574.JPG,717593.544592,1606515.876514,124.107216
8down01574.JPG,717593.564590,1606515.839743,124.074321
8front01574.JPG,717593.591719,1606515.796908,124.090543
8left01574.JPG,717593.528046,1606515.812375,124.101699
8right01574.JPG,717593.608266,1606515.861047,124.096060
8back01576.JPG,717611.071815,1606492.395740,123.683591
8down01576.JPG,717611.090794,1606492.358296,123.650854
8front01576.JPG,717611.118289,1606492.315710,123.667118
8left01576.JPG,717611.054989,1606492.331550,123.679780
8right01576.JPG,717611.135114,1606492.379900,123.670930
8back01577.JPG,717615.877600,1606478.221269,124.572851
8down01577.JPG,717615.896987,1606478.184666,124.539409
8front01577.JPG,717615.924089,1606478.141558,124.554937
8left01577.JPG,717615.860644,1606478.157265,124.567020
8right01577.JPG,717615.941045,1606478.205562,124.560768
8back01579.JPG,717631.639979,1606450.754689,124.573269
8down01579.JPG,717631.659028,1606450.719163,124.538498
8front01579.JPG,717631.686088,1606450.675477,124.552402
8left01579.JPG,717631.622774,1606450.690968,124.565418
8right01579.JPG,717631.703292,1606450.739198,124.560253
8back01585.JPG,717677.436450,1606375.792709,125.106698
8down01585.JPG,717677.455562,1606375.755813,125.073421
8front01585.JPG,717677.482889,1606375.712900,125.089096
8left01585.JPG,717677.419542,1606375.728625,125.101660
8right01585.JPG,717677.499797,1606375.776984,125.094135
8left01586.JPG,717686.207135,1606363.501299,124.345107
8back01586.JPG,717686.224008,1606363.565382,124.350268
8down01586.JPG,717686.242968,1606363.528618,124.316758
8front01586.JPG,717686.270425,1606363.485679,124.332132
8right01586.JPG,717686.287299,1606363.549762,124.337293
8back01587.JPG,717693.864154,1606349.495732,124.507737
8down01587.JPG,717693.882760,1606349.459506,124.473452
8front01587.JPG,717693.910248,1606349.416255,124.487868
8left01587.JPG,717693.847099,1606349.431781,124.501624
8right01587.JPG,717693.927303,1606349.480206,124.493981
8back01588.JPG,717702.576721,1606336.743426,124.233172
8down01588.JPG,717702.595029,1606336.707072,124.198862
8front01588.JPG,717702.622555,1606336.663823,124.213209
8left01588.JPG,717702.559528,1606336.679483,124.227367
8right01588.JPG,717702.639747,1606336.727766,124.219014
8back01589.JPG,717708.174033,1606323.119767,125.136100
8down01589.JPG,717708.192911,1606323.083821,125.101669
8front01589.JPG,717708.220164,1606323.040380,125.115958
8left01589.JPG,717708.156911,1606323.055911,125.129219
8right01589.JPG,717708.237286,1606323.104235,125.122839
8back01590.JPG,717715.359284,1606307.876253,125.307565
8down01590.JPG,717715.378085,1606307.840984,125.272399
8front01590.JPG,717715.405240,1606307.797197,125.285789
8left01590.JPG,717715.342021,1606307.812591,125.299366
8right01590.JPG,717715.422503,1606307.860858,125.293987
8back01593.JPG,717737.137297,1606270.703516,125.519280
8down01593.JPG,717737.157171,1606270.667699,125.485277
8front01593.JPG,717737.184072,1606270.624248,125.500186
8left01593.JPG,717737.120455,1606270.639662,125.511733
8right01593.JPG,717737.200914,1606270.688102,125.507733
8left01594.JPG,717745.097388,1606258.390095,125.569838
8back01594.JPG,717745.114186,1606258.453986,125.577172
8down01594.JPG,717745.133919,1606258.418131,125.543128
8front01594.JPG,717745.160961,1606258.374744,125.557969
8right01594.JPG,717745.177759,1606258.438634,125.565303
8back01595.JPG,717753.294553,1606245.004560,125.039359
8down01595.JPG,717753.313566,1606244.968994,125.004609
8front01595.JPG,717753.340603,1606244.925302,125.018538
8left01595.JPG,717753.277304,1606244.940844,125.031565
8right01595.JPG,717753.357851,1606244.989018,125.026331
8back01596.JPG,717761.790817,1606232.628849,124.658534
8down01596.JPG,717761.810060,1606232.592583,124.624644
8front01596.JPG,717761.837105,1606232.549248,124.639634
8left01596.JPG,717761.773717,1606232.564949,124.652023
8right01596.JPG,717761.854205,1606232.613148,124.646145
8back01597.JPG,717768.582748,1606220.230666,124.757394
8down01597.JPG,717768.602464,1606220.194519,124.723650
8front01597.JPG,717768.629356,1606220.151166,124.738861
8left01597.JPG,717768.565797,1606220.166769,124.750474
8right01597.JPG,717768.646306,1606220.215063,124.745782
8down01598.JPG,717776.832271,1606206.127318,124.648851
8left01598.JPG,717776.795714,1606206.099377,124.675626
8right01598.JPG,717776.876226,1606206.147666,124.670938
8back01598.JPG,717776.812731,1606206.163209,124.682969
8front01598.JPG,717776.859209,1606206.083834,124.663595
8back01599.JPG,717786.596068,1606197.578954,123.707568
8down01599.JPG,717786.615057,1606197.542043,123.674236
8front01599.JPG,717786.642611,1606197.499238,123.689812
8left01599.JPG,717786.579306,1606197.514812,123.702774
8right01599.JPG,717786.659372,1606197.563380,123.694606
8back01600.JPG,717795.859548,1606178.371170,122.507064
8down01600.JPG,717795.877653,1606178.334785,122.472678
8front01600.JPG,717795.904787,1606178.291264,122.486949
8left01600.JPG,717795.841852,1606178.307389,122.500993
8right01600.JPG,717795.922483,1606178.355045,122.493021
